-8 -5 0 0 
-8.00695 -4.99916 -0.18054 -0.140172 
-8.02713 -4.99334 -0.36108 -0.280344 
-8.0576 -4.98427 -0.222771 -0.35595 
-8.09649 -4.97834 -0.0844629 -0.431555 
-8.13241 -4.97718 0.0274282 -0.287597 
-8.1539 -4.97884 0.139319 -0.143638 
-8.16095 -4.9801 0.251211 0.000320837 
-8.1541 -4.97779 0.363102 0.14428 
-8.13441 -4.96887 0.474993 0.288238 
-8.10343 -4.95052 0.586884 0.432197 
-8.06318 -4.92021 0.698775 0.576156 
-8.01608 -4.87573 0.810666 0.720114 
-7.96493 -4.81531 0.922558 0.864073 
-7.91281 -4.73761 1.03445 1.00803 
-7.84898 -4.65206 0.829061 1.13066 
-7.75988 -4.57319 0.623673 1.25328 
-7.64596 -4.50805 0.418285 1.37591 
-7.50951 -4.46372 0.212897 1.49854 
-7.35472 -4.4468 0.0075092 1.62116 
-7.18755 -4.46297 -0.197879 1.74379 
-7.0155 -4.51652 -0.403267 1.86641 
-6.84403 -4.58603 -0.366838 1.83429 
-6.67315 -4.64815 -0.330409 1.80217 
-6.50319 -4.70301 -0.29398 1.77005 
-6.33443 -4.75078 -0.25755 1.73792 
-6.16716 -4.7916 -0.221121 1.7058 
-6.00167 -4.82566 -0.184692 1.67368 
-5.82708 -4.8357 0.0660083 1.83301 
-5.63986 -4.79909 0.316709 1.99234 
-5.45035 -4.7539 0.150315 1.90853 
-5.26433 -4.74128 -0.0160784 1.82473 
-5.08712 -4.75881 -0.182472 1.74092 
-4.92334 -4.80326 -0.348866 1.65712 
-4.77678 -4.87071 -0.51526 1.57331 
-4.65034 -4.95679 -0.681653 1.48951 
-4.54593 -5.05683 -0.848047 1.4057 
-4.45495 -5.15207 -0.766585 1.22935 
-4.3697 -5.22788 -0.685124 1.053 
-4.29266 -5.28592 -0.603662 0.876649 
-4.22606 -5.32809 -0.5222 0.700297 
-4.17187 -5.35653 -0.440739 0.523946 
-4.13179 -5.37361 -0.359277 0.347594 
-4.09032 -5.38484 -0.181134 0.512911 
-4.03107 -5.39007 -0.00299174 0.678227 
-3.95539 -5.38329 0.175151 0.843544 
-3.86616 -5.3589 0.353293 1.00886 
-3.76775 -5.31201 0.531436 1.17418 
-3.66578 -5.23883 0.709578 1.33949 
-3.56686 -5.13691 0.887721 1.50481 
-3.46538 -5.03937 0.637929 1.31763 
-3.3592 -4.97911 0.388138 1.13045 
-3.25318 -4.93281 0.435012 1.18354 
-3.14469 -4.87924 0.481886 1.23662 
-3.03418 -4.81808 0.52876 1.2897 
-2.92214 -4.74902 0.575634 1.34278 
-2.80908 -4.6718 0.622508 1.39587 
-2.70181 -4.59845 0.575879 1.20329 
-2.60763 -4.54029 0.52925 1.01072 
-2.52769 -4.49591 0.482621 0.818143 
-2.46302 -4.46385 0.435993 0.625569 
-2.41457 -4.44255 0.389364 0.432995 
-2.3728 -4.4294 0.221332 0.44395 
-2.31968 -4.4182 0.195753 0.641749 
-2.24685 -4.40477 0.170175 0.839548 
-2.17172 -4.39862 -0.0138277 0.670134 
-2.11356 -4.40454 -0.19783 0.500721 
-2.07368 -4.41617 -0.381833 0.331308 
-2.05164 -4.42717 -0.565835 0.161894 
-2.04539 -4.43168 -0.749838 -0.00751884 
-2.05133 -4.42464 -0.933841 -0.176932 
-2.06465 -4.40216 -1.11784 -0.346345 
-2.07961 -4.3618 -1.30185 -0.515759 
-2.0984 -4.31374 -1.09453 -0.518123 
-2.12681 -4.27038 -0.887215 -0.520487 
-2.1637 -4.23363 -0.6799 -0.522851 
-2.20756 -4.20513 -0.472584 -0.525215 
-2.25657 -4.18618 -0.265269 -0.527579 
-2.30867 -4.17769 -0.0579537 -0.529943 
-2.36163 -4.18012 0.149362 -0.532308 
-2.40552 -4.18499 0.0656965 -0.35104 
-2.43154 -4.18573 -0.0179688 -0.169772 
-2.43944 -4.18539 -0.101634 0.0114951 
-2.42936 -4.18697 -0.185299 0.192763 
-2.40178 -4.19347 -0.268964 0.37403 
-2.35942 -4.20468 -0.249273 0.502419 
-2.30437 -4.2181 -0.229581 0.630808 
-2.23654 -4.23323 -0.209889 0.759198 
-2.15584 -4.24957 -0.190197 0.887587 
-2.0622 -4.26662 -0.170505 1.01598 
-1.95557 -4.28388 -0.150813 1.14436 
-1.83591 -4.30084 -0.131122 1.27275 
-1.7032 -4.31699 -0.11143 1.40114 
-1.55742 -4.33183 -0.0917379 1.52953 
-1.39858 -4.34484 -0.0720461 1.65792 
-1.23831 -4.33839 0.154964 1.55706 
-1.0933 -4.29869 0.381974 1.45621 
-0.968452 -4.23735 0.533635 1.32856 
-0.864756 -4.16516 0.685296 1.20092 
-0.782392 -4.08692 0.836957 1.07327 
-0.720591 -4.00723 0.988618 0.945628 
-0.677725 -3.93026 1.14028 0.817983 
-0.651407 -3.85966 1.29194 0.690338 
-0.638628 -3.79839 1.4436 0.562693 
-0.635908 -3.74863 1.59526 0.435048 
-0.631843 -3.7122 1.30642 0.300527 
-0.623256 -3.68373 1.24903 0.294279 
-0.613263 -3.65639 1.19163 0.28803 
-0.601967 -3.63024 1.13423 0.281782 
-0.589469 -3.60533 1.07684 0.275534 
-0.575875 -3.58173 1.01944 0.269285 
-0.561292 -3.55947 0.962045 0.263037 
-0.545828 -3.53859 0.904649 0.256789 
-0.529591 -3.5191 0.847252 0.25054 
-0.513151 -3.50388 0.638111 0.198291 
-0.498401 -3.49507 0.42897 0.146042 
-0.487084 -3.49116 0.219829 0.0937928 
-0.480385 -3.4903 0.010688 0.0415436 
-0.478844 -3.49035 -0.198453 -0.0107056 
-0.482326 -3.48917 -0.407594 -0.0629548 
-0.490032 -3.48473 -0.616735 -0.115204 
-0.500566 -3.47535 -0.825876 -0.167453 
-0.506272 -3.4699 -0.623072 0.00949362 
-0.497644 -3.47451 -0.420267 0.18644 
-0.471489 -3.48283 -0.217462 0.363387 
-0.42665 -3.48776 -0.0146572 0.540334 
-0.364138 -3.48202 0.188148 0.717281 
-0.287135 -3.45877 0.390952 0.894227 
-0.200827 -3.41213 0.593757 1.07117 
-0.115232 -3.35715 0.547463 0.963699 
-0.0364875 -3.31156 0.501169 0.856225 
0.0347405 -3.27461 0.454875 0.74875 
0.0978416 -3.24549 0.408581 0.641275 
0.152264 -3.22337 0.362287 0.5338 
0.197519 -3.20736 0.315993 0.426326 
0.233176 -3.19657 0.269699 0.318851 
0.258873 -3.19006 0.223405 0.211376 
0.278116 -3.18605 0.186347 0.181761 
0.294574 -3.18325 0.14929 0.152146 
0.308189 -3.18145 0.112233 0.12253 
0.318913 -3.18043 0.0751757 0.0929151 
0.333648 -3.17769 0.268547 0.207318 
0.358251 -3.16808 0.461918 0.321721 
0.390236 -3.14788 0.655288 0.436124 
0.426084 -3.1141 0.848659 0.550527 
0.46146 -3.0648 1.04203 0.66493 
0.493504 -3.01685 0.914826 0.489262 
0.519803 -2.98655 0.787623 0.313594 
0.536581 -2.97147 0.660419 0.137926 
0.540617 -2.9685 0.533215 -0.0377426 
0.529342 -2.97402 0.406011 -0.213411 
0.500923 -2.98395 0.278808 -0.389079 
0.454323 -2.99394 0.151604 -0.564747 
0.389345 -2.99949 0.0244 -0.740416 
0.308581 -2.99507 -0.129467 -0.878877 
0.215911 -2.97548 -0.283334 -1.01734 
0.113048 -2.94062 -0.368371 -1.1555 
0.000855651 -2.89163 -0.453407 -1.29366 
-0.118919 -2.82672 -0.538444 -1.43182 
-0.244293 -2.74429 -0.623481 -1.56998 
-0.373073 -2.64297 -0.708517 -1.70814 
-0.485827 -2.52796 -0.885641 -1.51742 
-0.565851 -2.41063 -1.06276 -1.32669 
-0.616191 -2.29843 -1.23989 -1.13596 
-0.641404 -2.19761 -1.41701 -0.945236 
-0.647217 -2.11294 -1.59414 -0.754509 
-0.636994 -2.03661 -1.81212 -0.78871 
-0.609336 -1.96109 -2.0301 -0.822911 
-0.564165 -1.89047 -2.24808 -0.857112 
-0.502374 -1.82887 -2.46606 -0.891313 
-0.425844 -1.78026 -2.68404 -0.925514 
-0.354789 -1.7327 -2.4121 -0.789916 
-0.307886 -1.67808 -2.14016 -0.654318 
-0.283052 -1.62515 -1.86822 -0.518719 
-0.275523 -1.58083 -1.59628 -0.383121 
-0.278684 -1.54955 -1.32434 -0.247523 
-0.285086 -1.53281 -1.0524 -0.111924 
-0.28752 -1.52913 -0.780461 0.0236738 
-0.280046 -1.53437 -0.508522 0.159272 
-0.262391 -1.54226 -0.34178 0.227927 
-0.237041 -1.54886 -0.175038 0.296582 
-0.204118 -1.55179 -0.00829631 0.365236 
-0.164328 -1.5487 0.158445 0.433891 
-0.118944 -1.53741 0.325187 0.502546 
-0.0697701 -1.51602 0.491929 0.571201 
-0.0190752 -1.48303 0.658671 0.639856 
0.0304962 -1.43745 0.825412 0.70851 
0.0760308 -1.37887 0.992154 0.777165 
0.11447 -1.30751 1.1589 0.84582 
0.138738 -1.2354 1.34008 0.677885 
0.147272 -1.17671 1.52127 0.50995 
0.145779 -1.13419 1.70245 0.342016 
0.141585 -1.09541 1.65647 0.438259 
0.138575 -1.04687 1.61048 0.534502 
0.13764 -0.988617 1.5645 0.630745 
0.139664 -0.920767 1.51852 0.726988 
0.14553 -0.843485 1.47253 0.823231 
0.156105 -0.757002 1.42655 0.919474 
0.172247 -0.661607 1.38057 1.01572 
0.191476 -0.565643 1.3653 0.941722 
0.210604 -0.477217 1.35003 0.867727 
0.229404 -0.3963 1.33476 0.793732 
0.247651 -0.32286 1.3195 0.719737 
0.265124 -0.256861 1.30423 0.645742 
0.2869 -0.205477 1.02117 0.474123 
0.311259 -0.175399 0.738101 0.302505 
0.328899 -0.162931 0.455036 0.130886 
0.333048 -0.161162 0.171971 -0.040732 
0.320429 -0.161142 -0.111094 -0.21235 
0.304834 -0.158107 -0.293693 -0.105833 
0.299907 -0.156285 -0.476293 0.000684063 
0.296396 -0.153425 -0.786033 -0.0914994 
0.288515 -0.142211 -1.09577 -0.183683 
0.281538 -0.120413 -1.40551 -0.275866 
0.281442 -0.0883452 -1.71525 -0.36805 
0.293832 -0.0490005 -2.02499 -0.460233 
0.317886 -0.00198403 -2.06084 -0.596067 
0.350215 0.0560079 -2.09668 -0.7319 
0.392001 0.112836 -2.31556 -0.681663 
0.443367 0.161304 -2.45324 -0.731921 
0.49533 0.209246 -2.33828 -0.682869 
0.535532 0.264441 -2.06261 -0.687144 
0.55934 0.328895 -1.78693 -0.691419 
0.564738 0.39782 -1.51126 -0.695695 
0.551088 0.46603 -1.23559 -0.69997 
0.519192 0.528328 -0.959912 -0.704245 
0.471253 0.579905 -0.684237 -0.708521 
0.410722 0.616706 -0.408563 -0.712796 
0.342048 0.635756 -0.132888 -0.717071 
0.270355 0.635391 0.142786 -0.721346 
0.20106 0.615408 0.41846 -0.725622 
0.136432 0.576468 0.662786 -0.787185 
0.0787994 0.51871 0.907111 -0.848747 
0.0213905 0.458609 0.708201 -0.81627 
-0.0441025 0.412891 0.509291 -0.783793 
-0.114364 0.382309 0.310381 -0.751316 
-0.186113 0.366891 0.111471 -0.718839 
-0.256252 0.365995 -0.0874392 -0.686362 
-0.321999 0.378373 -0.286349 -0.653885 
-0.380999 0.402278 -0.485259 -0.621408 
-0.431409 0.435582 -0.684169 -0.588931 
-0.471948 0.4759 -0.883079 -0.556454 
-0.50299 0.517011 -0.96723 -0.474132 
-0.526086 0.553619 -1.05138 -0.391809 
-0.542242 0.584728 -1.13553 -0.309486 
-0.552572 0.609484 -1.21968 -0.227164 
-0.558283 0.62718 -1.30384 -0.144841 
-0.56065 0.637271 -1.38799 -0.0625181 
-0.561007 0.639377 -1.47214 0.0198046 
-0.56072 0.633288 -1.55629 0.102127 
-0.560578 0.621919 -1.56018 0.125278 
-0.56046 0.608234 -1.56407 0.148429 
-0.560357 0.602575 -1.51416 -0.0352269 
-0.561469 0.615231 -1.46424 -0.218883 
-0.565618 0.64602 -1.41433 -0.402538 
-0.574612 0.694627 -1.36442 -0.586194 
-0.59023 0.760599 -1.31451 -0.76985 
-0.614217 0.843351 -1.26459 -0.953506 
-0.648274 0.94217 -1.21468 -1.13716 
-0.694048 1.05621 -1.16477 -1.32082 
-0.753126 1.18451 -1.11486 -1.50447 
-0.827027 1.32599 -1.06495 -1.68813 
-0.887769 1.49031 -1.36451 -1.82884 
-0.898105 1.67924 -1.66407 -1.96955 
-0.848853 1.87641 -1.96363 -2.11027 
-0.73637 2.06227 -2.2632 -2.25098 
-0.56359 2.216 -2.56276 -2.39169 
-0.340391 2.31772 -2.86232 -2.53241 
-0.111726 2.40814 -2.6659 -2.39337 
0.0832367 2.53391 -2.46947 -2.25433 
0.239942 2.68565 -2.27304 -2.11529 
0.356135 2.85363 -2.07662 -1.97625 
0.431808 3.02831 -1.88019 -1.83721 
0.469024 3.20082 -1.68376 -1.69816 
0.47165 3.36341 -1.48734 -1.55912 
0.445004 3.50972 -1.29091 -1.42008 
0.403512 3.64177 -1.24135 -1.34848 
0.358011 3.76488 -1.19179 -1.27687 
0.309281 3.87901 -1.14222 -1.20527 
0.258092 3.98415 -1.09266 -1.13367 
0.219435 4.08751 -1.33518 -1.07892 
0.20151 4.2034 -1.49519 -1.26887 
0.202362 4.33964 -1.65519 -1.45882 
0.228014 4.49272 -1.8152 -1.64878 
0.283776 4.65774 -1.9752 -1.83873 
0.373954 4.82856 -2.13521 -2.02868 
0.501595 4.99801 -2.29521 -2.21864 
0.668272 5.15811 -2.45522 -2.40859 
0.872968 5.29536 -2.64508 -2.52792 
1.11086 5.39618 -2.83494 -2.64725 
1.37515 5.4528 -3.0248 -2.76658 
1.63934 5.49454 -2.94403 -2.58441 
1.88162 5.55318 -2.86327 -2.40225 
2.10275 5.61958 -2.83613 -2.21562 
2.30554 5.68071 -2.86183 -2.02063 
2.49103 5.73148 -2.88753 -1.82564 
2.65883 5.7728 -2.91324 -1.63065 
2.80858 5.80562 -2.93894 -1.43565 
2.93998 5.83091 -2.96464 -1.24066 
3.05275 5.84962 -2.99034 -1.04567 
3.14665 5.86275 -3.01605 -0.850676 
3.22149 5.87126 -3.04175 -0.655684 
3.27895 5.88211 -2.86081 -0.515388 
3.32046 5.89804 -2.67986 -0.375092 
3.34649 5.91384 -2.49892 -0.234796 
3.35885 5.92469 -2.31798 -0.0945001 
3.36051 5.92648 -2.13703 0.0457958 
3.35539 5.91609 -1.95609 0.186092 
3.34979 5.8994 -1.8301 0.166326 
3.34672 5.88407 -1.70411 0.14656 
3.34574 5.87044 -1.57812 0.126794 
3.34637 5.85878 -1.45213 0.107028 
3.34853 5.84589 -1.3636 0.154355 
3.35299 5.82866 -1.27508 0.201682 
3.36053 5.80744 -1.18655 0.249009 
3.37189 5.78266 -1.09802 0.296337 
3.38773 5.75487 -1.0095 0.343664 
3.40867 5.7247 -0.92097 0.390991 
3.43521 5.69286 -0.832443 0.438318 
3.4678 5.66013 -0.743916 0.485646 
3.50677 5.62737 -0.655389 0.532973 
3.55237 5.59547 -0.566862 0.5803 
3.60021 5.56421 -0.590762 0.562731 
3.64585 5.53282 -0.614662 0.545163 
3.68929 5.50137 -0.638562 0.527594 
3.73058 5.46995 -0.662462 0.510025 
3.76973 5.43866 -0.686362 0.492456 
3.80678 5.40756 -0.710262 0.474888 
3.84176 5.37675 -0.734162 0.457319 
3.87469 5.34631 -0.758062 0.43975 
3.90564 5.31631 -0.781962 0.422181 
3.94152 5.28074 -0.780264 0.588399 
3.98929 5.23354 -0.778565 0.754616 
4.04898 5.17477 -0.776867 0.920833 
4.11443 5.11613 -0.68254 0.837346 
4.17841 5.06888 -0.588213 0.753859 
4.23939 5.03216 -0.493886 0.670371 
4.29603 5.00496 -0.399559 0.586884 
4.35321 4.98842 -0.164631 0.606256 
4.4146 4.98556 0.0702971 0.625627 
4.47686 4.99743 0.305225 0.644999 
4.53642 5.02426 0.540153 0.664371 
4.58962 5.0654 0.775081 0.683742 
4.633 5.11929 1.01001 0.703114 
4.66347 5.18355 1.24494 0.722485 
4.67854 5.25503 1.47987 0.741857 
4.67994 5.32 1.62545 0.558975 
4.67423 5.36636 1.77103 0.376093 
4.66677 5.3938 1.9166 0.193211 
4.66284 5.40318 2.06218 0.0103284 
4.66141 5.40686 1.86984 0.0686349 
4.65953 5.41644 1.67749 0.126941 
4.65946 5.43203 1.48514 0.185248 
4.66343 5.45306 1.29279 0.243555 
4.67347 5.47837 1.10044 0.301861 
4.69128 5.50621 0.908094 0.360168 
4.7181 5.53435 0.715745 0.418474 
4.75454 5.56023 0.523397 0.476781 
4.80055 5.58107 0.331048 0.535087 
4.8495 5.5929 0.138974 0.473545 
4.89367 5.59489 -0.0531007 0.412003 
4.93132 5.58933 -0.245175 0.350462 
4.96144 5.57874 -0.437249 0.28892 
4.98368 5.56573 -0.629324 0.227378 
4.99844 5.55278 -0.821398 0.165836 
5.01559 5.53605 -0.732912 0.313554 
5.04557 5.51152 -0.644425 0.461272 
5.08977 5.4814 -0.555938 0.608991 
5.14935 5.44807 -0.467452 0.756709 
5.2251 5.41407 -0.378965 0.904427 
5.3175 5.38204 -0.290479 1.05215 
5.4267 5.35471 -0.201992 1.19986 
5.55246 5.33482 -0.113505 1.34758 
5.69423 5.32509 -0.0250189 1.4953 
5.85106 5.32822 0.0634677 1.64302 
6.00727 5.33473 0.0191455 1.48408 
6.14772 5.33437 -0.0251767 1.32514 
6.27214 5.32853 -0.0694989 1.1662 
6.38035 5.31864 -0.113821 1.00726 
6.47227 5.30612 -0.158143 0.848316 
6.54791 5.2924 -0.202465 0.689376 
6.61091 5.27299 -0.398121 0.63112 
6.66382 5.24447 -0.593776 0.572863 
6.70569 5.20992 -0.789431 0.514607 
6.73638 5.1724 -0.985086 0.456351 
6.75645 5.13477 -1.18074 0.398095 
6.76716 5.09952 -1.3764 0.339838 
6.77549 5.06556 -1.28497 0.359592 
6.78752 5.03065 -1.19355 0.379345 
6.80351 4.99517 -1.10212 0.399099 
6.82363 4.95959 -1.0107 0.418853 
6.84805 4.92436 -0.919276 0.438606 
6.87685 4.89 -0.827852 0.45836 
6.91376 4.85699 -0.636349 0.533513 
6.96271 4.82775 -0.444846 0.608665 
7.02339 4.80579 -0.253343 0.683818 
7.09454 4.79461 -0.0618395 0.758971 
7.17402 4.79742 0.129664 0.834124 
7.25883 4.81699 0.321167 0.909277 
7.34037 4.84935 0.43577 0.846027 
7.41209 4.88782 0.550374 0.782777 
7.47376 4.93064 0.664977 0.719528 
7.52539 4.97604 0.779581 0.656278 
7.56725 5.02236 0.894184 0.593028 
7.59987 5.06802 1.00879 0.529778 
7.62456 5.11105 1.09265 0.462801 
7.64274 5.14993 1.17652 0.395824 
7.65528 5.18391 1.26038 0.328847 
7.66316 5.21237 1.34424 0.26187 
7.6674 5.2348 1.42811 0.194893 
7.66907 5.25085 1.51197 0.127916 
7.67081 5.26103 1.27219 0.0791723 
7.67294 5.26607 1.03241 0.0304289 
7.67323 5.2666 0.792634 -0.0183145 
7.66984 5.26403 0.552854 -0.0670579 
7.66152 5.26029 0.313074 -0.115801 
7.64778 5.2577 0.073294 -0.164545 
7.62896 5.25867 -0.166486 -0.213288 
7.60624 5.26546 -0.406266 -0.262032 
7.58158 5.2799 -0.646046 -0.310775 
7.55755 5.30315 -0.885826 -0.359518 
7.53409 5.32715 -0.703541 -0.312662 
7.5105 5.34381 -0.521256 -0.265806 
7.48853 5.35397 -0.338971 -0.21895 
7.46962 5.35882 -0.156687 -0.172094 
7.45481 5.35987 0.0255982 -0.125237 
7.4447 5.35875 0.207883 -0.0783812 
7.43944 5.3572 0.390168 -0.031525 
7.43805 5.35671 0.231323 0.00211403 
7.43993 5.35696 0.072479 0.035753 
7.44518 5.35687 -0.0863654 0.069392 
7.45367 5.35541 -0.24521 0.103031 
7.459 5.35412 -0.220928 0.00673834 
7.45495 5.35496 -0.196645 -0.0895543 
7.45302 5.35536 -0.0948134 0.0501845 
7.45726 5.35489 -0.130386 0.0350688 
7.46097 5.35473 0.038686 0.0394152 
7.46455 5.35484 0.0263512 0.0321555 
7.4674 5.3549 0.0140164 0.0248958 
7.46953 5.35492 0.00168159 0.0176361 
7.47578 5.35439 -0.13798 0.10805 
7.49075 5.35112 -0.277641 0.198465 
7.5136 5.34273 -0.417302 0.288879 
7.54305 5.32702 -0.556964 0.379294 
7.57734 5.30205 -0.696625 0.469708 
7.61433 5.26629 -0.836287 0.560122 
7.65156 5.21862 -0.975948 0.650537 
7.68631 5.15841 -1.11561 0.740951 
7.71574 5.08558 -1.25527 0.831366 
7.73694 5.0006 -1.39493 0.92178 
7.7594 4.91736 -1.21565 0.804785 
7.79131 4.85001 -1.03636 0.68779 
7.82789 4.79891 -0.857077 0.570795 
7.86459 4.76326 -0.677792 0.4538 
7.89733 4.74121 -0.498507 0.336806 
7.92277 4.73 -0.319222 0.219811 
7.93841 4.72617 -0.139937 0.102816 
7.94283 4.72577 0.0393485 -0.0141791 
7.9415 4.72573 0.0160275 -0.0123678 
7.94035 4.72573 -0.00729341 -0.0105565 
7.9401 4.72573 0.00166731 0.00550097 
7.9404 4.72573 -0.00213979 0.000595639 