-8 -5 0 0
-7.99242 -4.99897 0.202845 0.153197
-7.97061 -4.99185 0.40569 0.306395
-7.93731 -4.97305 0.608535 0.459592
-7.89689 -4.93797 0.81138 0.612789
-7.85501 -4.88336 1.01422 0.765987
-7.80231 -4.81963 0.752313 0.892634
-7.72465 -4.76436 0.490401 1.01928
-7.6235 -4.72665 0.22849 1.14593
-7.51298 -4.70204 0.209543 1.11854
-7.4047 -4.68008 0.190597 1.09116
-7.29872 -4.66067 0.171651 1.06377
-7.19509 -4.64371 0.152705 1.03639
-7.09387 -4.62911 0.133758 1.009
-6.99511 -4.61676 0.114812 0.981615
-6.89886 -4.60658 0.0958659 0.95423
-6.80516 -4.59846 0.0769196 0.926844
-6.70542 -4.60201 -0.142603 1.07318
-6.5947 -4.63083 -0.362125 1.21952
-6.47991 -4.68971 -0.581648 1.36586
-6.36945 -4.78149 -0.80117 1.5122
-6.28407 -4.89448 -1.05165 1.32765
-6.23643 -5.00811 -1.30214 1.14309
-6.22107 -5.11179 -1.55262 0.958536
-6.22341 -5.19822 -1.64669 0.771343
-6.23158 -5.26548 -1.74076 0.58415
-6.24199 -5.31339 -1.83483 0.396958
-6.25113 -5.34231 -1.9289 0.209765
-6.25557 -5.35304 -2.02297 0.0225724
-6.25205 -5.34688 -2.11704 -0.16462
-6.23749 -5.32556 -2.21111 -0.351813
-6.20913 -5.29124 -2.30518 -0.539006
-6.16449 -5.24645 -2.39925 -0.726198
-6.11758 -5.19323 -2.18572 -0.695349
-6.08451 -5.13397 -1.9722 -0.664499
-6.06565 -5.07199 -1.75867 -0.63365
-6.04628 -5.00904 -1.97692 -0.686108
-6.01117 -4.94723 -2.19516 -0.738567
-5.96 -4.89059 -2.41341 -0.791026
-5.89352 -4.84334 -2.63166 -0.843485
-5.81356 -4.80956 -2.8499 -0.895943
-5.72304 -4.79295 -3.06815 -0.948402
-5.6355 -4.77703 -2.85082 -0.834604
-5.56391 -4.74704 -2.63349 -0.720807
-5.50974 -4.70888 -2.41616 -0.607009
-5.4727 -4.66835 -2.19882 -0.493211
-5.45091 -4.63065 -1.98149 -0.379413
-5.43133 -4.59918 -2.27474 -0.364578
-5.40461 -4.57568 -2.56798 -0.349742
-5.37358 -4.56152 -2.86122 -0.334906
-5.34892 -4.55334 -2.77288 -0.184764
-5.33883 -4.54904 -2.68455 -0.0346227
-5.34233 -4.55108 -2.59621 0.115519
-5.3581 -4.56176 -2.50787 0.265661
-5.38456 -4.58321 -2.41953 0.415802
-5.41984 -4.61732 -2.3312 0.565944
-5.46183 -4.66573 -2.24286 0.716085
-5.5082 -4.7298 -2.15452 0.866227
-5.55645 -4.81059 -2.06618 1.01637
-5.60393 -4.90882 -1.97784 1.16651
-5.63735 -5.02976 -1.70944 1.35042
-5.63757 -5.17357 -1.44104 1.53433
-5.59487 -5.32998 -1.17263 1.71824
-5.50291 -5.48527 -0.904226 1.90214
-5.3599 -5.62338 -0.635821 2.08605
-5.16931 -5.72744 -0.367416 2.26996
-4.94011 -5.78146 -0.0990113 2.45387
-4.68646 -5.77212 0.169394 2.63778
-4.4335 -5.73146 0.149131 2.48641
-4.19476 -5.69804 0.128868 2.33503
-3.97042 -5.67125 0.108606 2.18366
-3.76065 -5.6505 0.0883428 2.03229
-3.5656 -5.63518 0.0680802 1.88092
-3.38538 -5.6247 0.0478175 1.72955
-3.22012 -5.61845 0.0275548 1.57818
-3.06989 -5.6158 0.00729216 1.42681
-2.92765 -5.6164 -0.0156744 1.41816
-2.78632 -5.62024 -0.038641 1.40952
-2.64598 -5.62727 -0.0616076 1.40088
-2.5067 -5.63747 -0.0845743 1.39223
-2.36855 -5.65078 -0.107541 1.38359
-2.2316 -5.66716 -0.130507 1.37495
-2.09592 -5.68655 -0.153474 1.3663
-1.95008 -5.69348 0.0539543 1.55912
-1.78692 -5.6672 0.261383 1.75193
-1.6147 -5.60102 0.468811 1.94474
-1.44123 -5.53822 0.2216 1.75442
-1.27656 -5.52164 -0.025612 1.5641
-1.13161 -5.54303 -0.272823 1.37378
-1.01381 -5.59192 -0.520035 1.18346
-0.901374 -5.64445 -0.356749 1.30142
-0.770551 -5.68121 -0.193463 1.41938
-0.623784 -5.69753 -0.0301774 1.53734
-0.464549 -5.68917 0.133108 1.6553
-0.297279 -5.65252 0.296394 1.77326
-0.12724 -5.58482 0.45968 1.89122
0.0396295 -5.48431 0.622966 2.00918
0.198591 -5.36792 0.641118 1.93112
0.3492 -5.2534 0.659269 1.85306
0.491579 -5.14099 0.67742 1.775
0.617165 -5.01672 0.883074 1.76485
0.714167 -4.87026 1.08873 1.7547
0.778843 -4.70803 1.29438 1.74455
0.808851 -4.537 1.50004 1.7344
0.803333 -4.36446 1.70569 1.72425
0.762937 -4.19767 1.91134 1.7141
0.689766 -4.04355 2.117 1.70395
0.587279 -3.90844 2.32265 1.6938
0.486717 -3.76507 2.04562 1.81984
0.425055 -3.5878 1.76859 1.94589
0.413482 -3.38789 1.49155 2.07193
0.459743 -3.18016 1.21452 2.19798
0.567019 -2.98195 0.937487 2.32403
0.690232 -2.79594 1.0354 2.14021
0.786081 -2.61501 1.13331 1.95639
0.857611 -2.43263 1.26065 1.96428
0.905593 -2.24189 1.38799 1.97217
0.929056 -2.04581 1.51533 1.98006
0.927421 -1.84755 1.64267 1.98795
0.900514 -1.65032 1.77001 1.99584
0.848573 -1.45734 1.89735 2.00373
0.772245 -1.2718 2.02469 2.01162
0.670643 -1.10888 2.23538 1.83552
0.549452 -0.983437 2.44606 1.65941
0.419311 -0.895893 2.65674 1.48331
0.290067 -0.844011 2.86742 1.30721
0.170159 -0.82326 3.0781 1.1311
0.063384 -0.813706 3.02565 1.01317
-0.0310699 -0.800238 2.97319 0.895234
-0.111428 -0.776958 2.74077 0.781777
-0.174422 -0.74139 2.50835 0.668321
-0.219244 -0.69998 2.27593 0.554865
-0.247034 -0.658773 2.04351 0.441409
-0.260634 -0.622882 1.81109 0.327952
-0.264201 -0.596056 1.57867 0.214496
-0.262717 -0.580383 1.34625 0.10104
-0.260105 -0.568664 1.35617 0.139086
-0.256818 -0.553199 1.3661 0.177132
-0.252929 -0.533973 1.37602 0.215178
-0.246224 -0.505476 1.3093 0.37042
-0.233124 -0.462639 1.24259 0.525663
-0.211706 -0.406252 1.17587 0.680905
-0.180131 -0.337299 1.10915 0.836147
-0.136656 -0.256947 1.04243 0.991389
-0.0796534 -0.166535 0.975717 1.14663
-0.00762527 -0.0675683 0.908999 1.30187
0.080782 0.0382956 0.842282 1.45712
0.160196 0.161731 1.15474 1.49036
0.198671 0.306802 1.46721 1.52361
0.190513 0.459982 1.77967 1.55685
0.13448 0.60633 2.09213 1.5901
0.0340965 0.730947 2.4046 1.62334
-0.102502 0.820488 2.71706 1.65659
-0.263204 0.86458 3.02952 1.68983
-0.423485 0.881583 3.04249 1.53381
-0.565616 0.906605 2.88902 1.35536
-0.685382 0.947295 2.73554 1.17691
-0.78173 0.99754 2.58207 0.998467
-0.854927 1.05133 2.42859 0.82002
-0.906489 1.10302 2.27512 0.641574
-0.939075 1.14755 2.12164 0.463128
-0.956331 1.18068 1.96817 0.284682
-0.96622 1.21065 1.81574 0.347212
-0.972491 1.24794 1.66331 0.409741
-0.97313 1.292 1.51088 0.472271
-0.966224 1.34182 1.35845 0.534801
-0.950055 1.39602 1.20602 0.597331
-0.921158 1.44741 0.910318 0.586276
-0.879334 1.4874 0.614612 0.575221
-0.828656 1.51297 0.318907 0.564165
-0.775747 1.53574 0.492599 0.589294
-0.725469 1.56868 0.666291 0.614423
-0.679809 1.61153 0.839983 0.639552
-0.640736 1.66364 1.01367 0.664681
-0.610119 1.72396 1.18737 0.689809
-0.589652 1.79105 1.36106 0.714938
-0.580782 1.86317 1.53475 0.740067
-0.580255 1.93961 1.59245 0.788969
-0.584384 2.02083 1.65014 0.837872
-0.593717 2.10655 1.70784 0.886774
-0.608786 2.1964 1.76553 0.935676
-0.633327 2.27698 1.97491 0.752087
-0.665154 2.3347 2.18429 0.568497
-0.696223 2.37074 2.39367 0.384908
-0.719442 2.38854 2.60305 0.201318
-0.729227 2.39343 2.81243 0.0177289
-0.721949 2.3921 3.02181 -0.165861
-0.711237 2.39019 2.88629 -0.0518813
-0.71168 2.39048 2.75077 0.062098
-0.722293 2.39586 2.61525 0.176077
-0.741519 2.409 2.47973 0.290057
-0.767284 2.43222 2.34422 0.404036
-0.797062 2.46736 2.2087 0.518015
-0.827966 2.5158 2.07318 0.631994
-0.856838 2.5783 1.93766 0.745974
-0.880358 2.65501 1.80214 0.859953
-0.895152 2.74543 1.66662 0.973932
-0.907738 2.84795 1.71829 1.0921
-0.92764 2.96133 1.76996 1.21027
-0.956006 3.08504 1.82163 1.32844
-0.984159 3.22285 1.7248 1.4858
-0.996924 3.37542 1.58514 1.57879
-0.98781 3.53756 1.44548 1.67177
-0.954412 3.70597 1.30582 1.76475
-0.894843 3.87686 1.16616 1.85773
-0.80782 4.04606 1.02649 1.95071
-0.692736 4.20909 0.886833 2.04369
-0.581234 4.37414 1.06797 1.94543
-0.505221 4.54758 1.2491 1.84716
-0.463945 4.72233 1.43024 1.7489
-0.455315 4.89186 1.61137 1.65063
-0.446961 5.04972 1.42178 1.51579
-0.412256 5.19011 1.23219 1.38094
-0.357369 5.30923 1.0426 1.24609
-0.284157 5.41189 0.860775 1.27918
-0.191217 5.50192 0.678948 1.31227
-0.0807796 5.57549 0.497121 1.34535
0.0441754 5.62918 0.315294 1.37844
0.180001 5.66013 0.133467 1.41153
0.322484 5.66614 -0.0483601 1.44461
0.466979 5.64584 -0.230187 1.4777
0.608555 5.59869 -0.412014 1.51079
0.737383 5.52183 -0.66426 1.4975
0.845335 5.43082 -0.738119 1.32705
0.934103 5.34402 -0.811977 1.15661
1.00496 5.26369 -0.885835 0.986158
1.05942 5.19194 -0.959693 0.815711
1.09917 5.13068 -1.03355 0.645263
1.12612 5.0816 -1.10741 0.474816
1.14233 5.04618 -1.18127 0.304369
1.16097 5.01168 -0.984547 0.48113
1.19715 4.96782 -0.787826 0.657891
1.25482 4.92065 -0.591106 0.834652
1.33615 4.87731 -0.394386 1.01141
1.44126 4.84555 -0.197665 1.18817
1.56811 4.83321 -0.000944721 1.36493
1.71249 4.84761 0.195776 1.5417
1.86805 4.87194 0.115119 1.60824
2.0317 4.88416 0.0344621 1.67479
2.20246 4.88311 -0.0461947 1.74134
2.37921 4.86773 -0.126852 1.80789
2.5607 4.83706 -0.207508 1.87444
2.74103 4.8035 -0.160197 1.79438
2.91481 4.77959 -0.112885 1.71433
3.08155 4.76464 -0.065573 1.63427
3.24082 4.75793 -0.0182613 1.55421
3.39223 4.75871 0.0290505 1.47416
3.53543 4.76624 0.0763623 1.3941
3.67015 4.77972 0.123674 1.31405
3.79616 4.79839 0.170986 1.23399
3.9133 4.82145 0.218298 1.15393
4.02144 4.84811 0.265609 1.07388
4.1202 4.87189 0.205922 0.958088
4.20881 4.88772 0.146235 0.842299
4.2867 4.89688 0.0865477 0.726509
4.35734 4.90678 0.192654 0.700737
4.42403 4.92349 0.29876 0.674966
4.48616 4.94627 0.404866 0.649194
4.53634 4.97604 0.676005 0.521248
4.56793 5.00891 0.947144 0.393302
4.58358 5.03777 1.21828 0.265356
4.58818 5.05732 1.48942 0.13741
4.58807 5.06464 1.76056 0.00946448
4.58803 5.06418 1.47298 -0.0187816
4.58718 5.06101 1.1854 -0.0470277
4.58404 5.05578 0.89782 -0.0752738
4.5775 5.04973 0.610239 -0.10352
4.567 5.04452 0.322658 -0.131766
4.55268 5.042 0.0350772 -0.160012
4.53544 5.04395 -0.252504 -0.188258
4.51686 5.0518 -0.540085 -0.216504
4.50122 5.06034 -0.453509 -0.13998
4.49192 5.06444 -0.366933 -0.0634564
4.48955 5.0653 -0.280357 0.0130676
4.49455 5.06415 -0.193781 0.0895915
4.50719 5.06228 -0.107206 0.166115
4.52759 5.06103 -0.0206299 0.242639
4.55566 5.06173 0.0659459 0.319163
4.5898 5.06315 0.0185267 0.364227
4.6249 5.06397 0.0281879 0.338082
4.65739 5.06504 0.037849 0.311936
4.68724 5.06631 0.0475102 0.28579
4.71448 5.06774 0.0571714 0.259644
4.73909 5.06926 0.0668326 0.233498
4.76107 5.07084 0.0764938 0.207352
4.78044 5.07241 0.086155 0.181206
4.79718 5.07394 0.0958162 0.15506
4.81131 5.07536 0.105477 0.128914
4.82282 5.07664 0.115139 0.102769
4.8375 5.07953 0.259431 0.196733
4.86049 5.08757 0.403723 0.290697
4.89043 5.10312 0.548015 0.38466
4.92546 5.12828 0.692307 0.478624
4.96328 5.16471 0.8366 0.572588
5.00125 5.2136 0.980892 0.666552
5.04356 5.25964 0.667779 0.589047
5.09126 5.28663 0.354667 0.511541
5.14928 5.30238 0.183908 0.692344
5.2271 5.30981 0.0131496 0.873148
5.32307 5.30261 -0.157609 1.05395
5.43395 5.27486 -0.328368 1.23475
5.55503 5.22141 -0.499126 1.41556
5.68033 5.1382 -0.669885 1.59636
5.80282 5.02253 -0.840644 1.77716
5.93788 4.90917 -0.55549 1.76141
6.09794 4.83901 -0.270336 1.74566
6.26971 4.8169 0.0148181 1.7299
6.43921 4.84377 0.299972 1.71415
6.5929 4.91656 0.585126 1.69839
6.73133 5.0219 0.714834 1.78319
6.861 5.15023 0.844542 1.86798
6.97818 5.30093 0.97425 1.95277
7.10461 5.43716 0.666366 1.77911
7.2513 5.52019 0.358482 1.60544
7.39932 5.55135 0.0505972 1.43177
7.53261 5.53797 -0.257287 1.2581
7.65058 5.52436 0.0329464 1.12529
7.75449 5.54274 0.32318 0.992482
7.83698 5.5841 0.613413 0.859673
7.91164 5.627 0.429879 0.86477
7.99334 5.65572 0.246345 0.869867
8.07943 5.66913 0.0628112 0.874963
8.16702 5.66659 -0.120723 0.88006
8.25317 5.64799 -0.304257 0.885157
8.33495 5.61379 -0.487791 0.890254
8.40954 5.56495 -0.671325 0.895351
8.47434 5.50298 -0.854859 0.900448
8.52703 5.4298 -1.03839 0.905545
8.5657 5.34778 -1.22193 0.910642
8.58999 5.26263 -1.36535 0.861805
8.6012 5.17972 -1.50876 0.812968
8.6005 5.10093 -1.65218 0.764131
8.58328 5.0263 -1.94226 0.773046
8.545 4.95894 -2.23233 0.781961
8.48841 4.90473 -2.52241 0.790877
8.41789 4.86856 -2.81249 0.799792
8.3391 4.85391 -3.10256 0.808708
8.26656 4.84255 -2.86187 0.663312
8.21218 4.81987 -2.62118 0.517916
8.1764 4.79355 -2.3805 0.37252
8.15715 4.77066 -2.13981 0.227124
8.15021 4.7569 -1.89912 0.0817283
8.14974 4.75608 -1.65843 -0.0636676
8.149 4.76967 -1.41774 -0.209064
8.14745 4.78426 -1.52795 -0.084582
8.14742 4.78569 -1.4595 0.0559951
8.14778 4.78324 -1.34806 -0.0063356
8.14669 4.78682 -1.23661 -0.0686663
8.14284 4.79603 -1.12517 -0.130997
8.135 4.81022 -1.01373 -0.193328
8.12205 4.82854 -0.902282 -0.255658
8.10301 4.84997 -0.790838 -0.317989
8.07709 4.87333 -0.679394 -0.38032
8.04367 4.89731 -0.56795 -0.44265
8.00236 4.92047 -0.456506 -0.504981
7.953 4.94132 -0.345062 -0.567312
7.90606 4.9564 -0.272808 -0.418999
7.87256 4.96457 -0.200554 -0.270687
7.85249 4.96747 -0.0725595 -0.13525
7.84574 4.96767 0.0554354 0.000187412
7.8449 4.96765 0.00648852 -0.0171119
7.84463 4.96765 -0.00198427 0.0117213
7.84536 4.96765 -0.0178278 0.0028648
7.84564 4.96764 -0.0148144 0.00286335
7.84593 4.96764 -0.0118009 0.0028619
7.84621 4.96763 -0.00878751 0.00286045
7.8465 4.96763 -0.00577408 0.002859
