-8 -5 0 0
-8.00077 -4.99986 -0.278205 -0.0156498
-8.00289 -4.99887 -0.55641 -0.0312996
-8.00586 -4.99635 -0.834616 -0.0469493
-8.0089 -4.99181 -1.11282 -0.0625991
-8.01107 -4.98514 -1.39103 -0.0782489
-8.01138 -4.97656 -1.66923 -0.0938987
-8.00743 -4.95933 -1.88837 -0.260364
-7.99295 -4.92824 -2.1075 -0.42683
-7.96205 -4.88779 -2.32664 -0.593296
-7.91045 -4.84424 -2.54578 -0.759761
-7.83593 -4.8052 -2.76491 -0.926227
-7.73868 -4.7789 -2.98405 -1.09269
-7.63019 -4.76754 -3.09057 -1.08999
-7.51854 -4.76223 -3.09754 -1.14552
-7.40131 -4.75748 -3.1045 -1.20105
-7.2785 -4.75335 -3.11147 -1.25657
-7.15011 -4.74993 -3.11843 -1.3121
-7.01615 -4.7473 -3.1254 -1.36763
-6.88936 -4.72661 -2.82817 -1.21106
-6.7735 -4.70048 -3.01254 -1.1677
-6.66632 -4.67869 -2.86628 -1.02173
-6.57717 -4.6465 -2.72003 -0.875757
-6.50649 -4.60857 -2.57377 -0.729787
-6.45379 -4.56948 -2.42751 -0.583816
-6.41764 -4.53345 -2.28125 -0.437846
-6.39581 -4.50426 -2.13499 -0.291875
-6.38534 -4.48505 -1.98873 -0.145905
-6.38271 -4.47826 -1.84247 6.56368e-05
-6.38397 -4.48545 -1.69621 0.146036
-6.38494 -4.50731 -1.54996 0.292007
-6.3813 -4.54013 -1.37736 0.369323
-6.36994 -4.57927 -1.20476 0.446639
-6.34865 -4.62281 -1.03216 0.523955
-6.31569 -4.66832 -0.859565 0.601271
-6.26987 -4.71288 -0.686967 0.678587
-6.21071 -4.75328 -0.514369 0.755903
-6.13847 -4.78612 -0.341771 0.833219
-6.05115 -4.80941 -0.183722 0.976159
-5.94705 -4.82016 -0.0256724 1.1191
-5.8283 -4.81363 0.132377 1.26204
-5.69809 -4.7855 0.290426 1.40498
-5.56062 -4.73206 0.448476 1.54792
-5.4126 -4.66443 0.409348 1.70706
-5.24733 -4.59659 0.37022 1.8662
-5.06458 -4.5298 0.331091 2.02534
-4.86422 -4.46534 0.291963 2.18449
-4.65948 -4.41464 0.192393 2.03572
-4.46544 -4.38665 0.0928237 1.88695
-4.28443 -4.37873 -0.00674601 1.73818
-4.11642 -4.39096 -0.139914 1.63348
-3.94457 -4.4076 -0.0547768 1.82049
-3.75325 -4.40981 0.0303607 2.00749
-3.54378 -4.39437 0.115498 2.1945
-3.31792 -4.35824 0.200636 2.3815
-3.09079 -4.31803 0.149208 2.23223
-2.8767 -4.29139 0.0977803 2.08296
-2.67642 -4.27687 0.0463525 1.93368
-2.49058 -4.27297 -0.00507527 1.78441
-2.3197 -4.27817 -0.056503 1.63514
-2.16419 -4.29092 -0.107931 1.48586
-2.02433 -4.30966 -0.159359 1.33659
-1.8936 -4.31609 0.0624186 1.28648
-1.77533 -4.29994 0.212852 1.10314
-1.67838 -4.27145 0.363285 0.919808
-1.60337 -4.23653 0.513718 0.736472
-1.54968 -4.20094 0.664151 0.553137
-1.51546 -4.17004 0.814584 0.369801
-1.49778 -4.1486 0.965016 0.186465
-1.49279 -4.14055 1.11545 0.00312981
-1.49223 -4.1396 0.991932 0.0189414
-1.49062 -4.13746 0.868414 0.0347531
-1.48766 -4.13439 0.744896 0.0505647
-1.48311 -4.13071 0.621378 0.0663764
-1.47681 -4.12679 0.49786 0.082188
-1.46865 -4.123 0.374342 0.0979996
-1.46063 -4.11889 0.579324 0.0824127
-1.45483 -4.11421 0.784306 0.0668257
-1.45109 -4.10966 0.989287 0.0512387
-1.44907 -4.10583 1.19427 0.0356518
-1.44829 -4.10316 1.39925 0.0200648
-1.44818 -4.10194 1.60423 0.00447782
-1.44811 -4.10226 1.80921 -0.0111092
-1.44745 -4.10403 2.0142 -0.0266961
-1.44564 -4.10696 2.21918 -0.0422831
-1.44059 -4.11312 2.28642 -0.11704
-1.43004 -4.12439 2.35365 -0.191798
-1.41331 -4.14005 2.42089 -0.266555
-1.3898 -4.15929 2.48813 -0.341313
-1.35895 -4.18125 2.55537 -0.41607
-1.32034 -4.20502 2.62261 -0.490828
-1.27361 -4.22962 2.68985 -0.565585
-1.2185 -4.25406 2.75708 -0.640342
-1.15514 -4.29183 2.46414 -0.840285
-1.09185 -4.36091 2.17119 -1.04023
-1.01982 -4.44891 2.33743 -1.23671
-0.91949 -4.53674 2.50368 -1.43319
-0.789324 -4.61708 2.66992 -1.62967
-0.629494 -4.68222 2.83616 -1.82615
-0.441947 -4.72433 3.0024 -2.02263
-0.240538 -4.74261 3.09979 -2.0237
-0.0480811 -4.75337 3.07116 -1.83159
0.124848 -4.76802 3.04253 -1.63949
0.278201 -4.78543 3.0139 -1.44739
0.411976 -4.80451 2.98527 -1.25529
0.52622 -4.82415 2.95663 -1.06318
0.621025 -4.84325 2.928 -0.871081
0.696532 -4.86072 2.89937 -0.678979
0.752927 -4.87547 2.87074 -0.486876
0.806147 -4.88818 2.94069 -0.60772
0.872042 -4.89915 3.01063 -0.728564
0.950568 -4.90664 3.08058 -0.849408
1.02781 -4.92272 2.78489 -0.734337
1.08698 -4.95507 2.4892 -0.619267
1.12617 -4.99503 2.19351 -0.504196
1.14677 -5.03448 1.89782 -0.389125
1.15293 -5.06694 1.60213 -0.274054
1.1507 -5.0884 1.30644 -0.158983
1.14691 -5.09778 1.01075 -0.0439127
1.14801 -5.09693 0.715056 0.0711581
1.15898 -5.09028 0.419366 0.186229
1.17163 -5.08245 0.713368 0.112369
1.17667 -5.07687 1.00737 0.0385084
1.1769 -5.0768 1.30137 -0.0353518
1.1762 -5.08397 1.59538 -0.109212
1.17886 -5.09829 1.88938 -0.183072
1.18193 -5.11303 1.64586 -0.118881
1.18166 -5.12168 1.40235 -0.0546896
1.18114 -5.12388 1.15883 0.00950173
1.18336 -5.12037 0.915319 0.0736931
1.19086 -5.11294 0.671805 0.137884
1.20538 -5.10419 0.42829 0.202076
1.22769 -5.09727 0.184775 0.266267
1.2574 -5.09552 -0.0587392 0.330458
1.28142 -5.09909 -0.260265 0.156024
1.28795 -5.10124 -0.461791 -0.0184101
1.27919 -5.09537 -0.663318 -0.192844
1.2592 -5.07581 -0.864844 -0.367279
1.23363 -5.03833 -1.06637 -0.541713
1.20924 -4.98048 -1.2679 -0.716147
1.19342 -4.90185 -1.46942 -0.890582
1.18434 -4.80916 -1.47674 -0.97216
1.1752 -4.70828 -1.48405 -1.05374
1.15551 -4.59558 -1.31612 -1.23702
1.11119 -4.47049 -1.14819 -1.4203
1.03769 -4.33857 -0.980262 -1.60358
0.931748 -4.20648 -0.812332 -1.78687
0.791556 -4.08178 -0.644401 -1.97015
0.616986 -3.97253 -0.47647 -2.15343
0.409698 -3.88699 -0.308539 -2.33671
0.173181 -3.83323 -0.140608 -2.51999
-0.0690129 -3.77734 -0.313658 -2.45737
-0.292207 -3.68303 -0.486708 -2.39475
-0.490573 -3.55508 -0.659757 -2.33213
-0.659354 -3.39914 -0.832807 -2.26951
-0.79497 -3.22143 -1.00586 -2.20689
-0.895083 -3.02858 -1.17891 -2.14427
-0.958614 -2.82734 -1.35196 -2.08165
-0.98572 -2.62436 -1.52501 -2.01902
-0.977725 -2.426 -1.69806 -1.9564
-0.937022 -2.23809 -1.8711 -1.89378
-0.858369 -2.07359 -2.16592 -1.76617
-0.743909 -1.94841 -2.46074 -1.63856
-0.608963 -1.86836 -2.75556 -1.51095
-0.468932 -1.83397 -3.05038 -1.38334
-0.32623 -1.8126 -2.93714 -1.50406
-0.185467 -1.78867 -3.01048 -1.35225
-0.0584379 -1.77654 -3.08383 -1.20045
0.0606943 -1.76133 -2.94543 -1.20346
0.176879 -1.72975 -2.80704 -1.20647
0.287874 -1.68233 -2.66864 -1.20948
0.391522 -1.61989 -2.53025 -1.21249
0.4858 -1.54356 -2.39185 -1.2155
0.568852 -1.45474 -2.25346 -1.21851
0.639448 -1.35781 -2.14651 -1.18094
0.69742 -1.25715 -2.03956 -1.14336
0.742801 -1.15431 -1.93262 -1.10579
0.775807 -1.0508 -1.82567 -1.06821
0.796822 -0.948033 -1.71873 -1.03064
0.806395 -0.84735 -1.61178 -0.993062
0.805212 -0.749976 -1.50484 -0.955487
0.79409 -0.657014 -1.39789 -0.917912
0.773951 -0.569429 -1.29094 -0.880337
0.745808 -0.488044 -1.184 -0.842762
0.712305 -0.417164 -1.07173 -0.726033
0.677223 -0.360398 -0.959471 -0.609304
0.643224 -0.317083 -0.847207 -0.492575
0.610705 -0.287683 -0.613479 -0.386207
0.58159 -0.27167 -0.379751 -0.279839
0.559807 -0.265593 -0.146024 -0.173471
0.547817 -0.265037 0.0877044 -0.0671033
0.546415 -0.265116 0.321432 0.0392645
0.554076 -0.261404 0.541353 0.131299
0.568047 -0.250543 0.761273 0.223333
0.585226 -0.229867 0.981194 0.315367
0.60172 -0.197793 1.20111 0.407401
0.613178 -0.154017 1.42104 0.499435
0.615175 -0.0996181 1.64096 0.59147
0.603612 -0.0370573 1.86088 0.683504
0.575103 0.029934 2.0808 0.775538
0.527329 0.0965678 2.30072 0.867572
0.459331 0.157306 2.52064 0.959606
0.374909 0.205113 2.73114 0.984337
0.280007 0.234965 2.94165 1.00907
0.177849 0.262796 2.81166 1.11005
0.0708462 0.307517 2.68166 1.21103
-0.0381892 0.370788 2.55167 1.31201
-0.146106 0.453805 2.42168 1.41299
-0.24949 0.557243 2.29168 1.51397
-0.344748 0.681207 2.16169 1.61495
-0.428198 0.8252 2.0317 1.71593
-0.496171 0.988106 1.90171 1.81692
-0.545104 1.16819 1.77171 1.9179
-0.59858 1.35063 1.94055 1.88907
-0.650246 1.53997 1.73649 2.0429
-0.66345 1.75117 1.53244 2.19673
-0.631434 1.97587 1.32839 2.35056
-0.549364 2.20388 1.12434 2.50439
-0.414787 2.42363 0.92029 2.65823
-0.227976 2.62276 0.716239 2.81206
0.00785947 2.78875 0.512188 2.96589
0.262111 2.94383 0.583131 2.99169
0.489527 3.13234 0.801878 2.92778
0.666709 3.36066 1.02063 2.86386
0.787399 3.61622 1.23937 2.79995
0.855961 3.87932 1.39386 2.64327
0.881664 4.13427 1.54835 2.48659
0.868688 4.3745 1.70284 2.32991
0.822151 4.59457 1.85733 2.17324
0.747875 4.79023 2.01182 2.01656
0.652131 4.95853 2.16631 1.85988
0.551434 5.10556 2.17645 1.70422
0.458177 5.2388 2.1866 1.54856
0.372629 5.35843 2.19674 1.3929
0.295056 5.46462 2.20689 1.23723
0.23324 5.56031 2.07822 1.04264
0.192549 5.64556 1.94955 0.848046
0.157995 5.71895 2.07406 0.775223
0.118494 5.78132 2.19858 0.7024
0.0761855 5.8327 2.32309 0.629578
0.0331174 5.87343 2.4476 0.556755
-0.0088026 5.9042 2.57211 0.483932
-0.0478581 5.92599 2.69662 0.411109
-0.0791951 5.94565 2.45751 0.330467
-0.0994015 5.96638 2.2184 0.249825
-0.110071 5.98435 1.97928 0.169183
-0.113887 5.99663 1.74017 0.0885413
-0.113463 5.99636 1.95847 -0.0960116
-0.104211 5.98 2.17676 -0.280565
-0.0795595 5.95212 2.39505 -0.465117
-0.034654 5.91929 2.61334 -0.64967
0.0331213 5.88946 2.83163 -0.834223
0.123796 5.87135 3.04992 -1.01878
0.219122 5.85154 2.82008 -0.932774
0.299651 5.81416 2.59023 -0.846771
0.3628 5.76472 2.36039 -0.760769
0.407665 5.70889 2.13054 -0.674767
0.434938 5.65206 1.90069 -0.588764
0.446715 5.59889 1.67085 -0.502762
0.446198 5.55302 1.441 -0.41676
0.437321 5.5168 1.21115 -0.330757
0.427769 5.48368 1.36664 -0.359284
0.423101 5.44665 1.52213 -0.387812
0.424305 5.40651 1.67761 -0.416339
0.432236 5.36423 1.8331 -0.444866
0.447568 5.321 1.98858 -0.473393
0.471451 5.28 2.20759 -0.477498
0.50395 5.24486 2.4266 -0.481604
0.543642 5.2174 2.64561 -0.485709
0.583891 5.19965 2.81277 -0.395079
0.617751 5.19105 2.97994 -0.30445
0.654899 5.1851 2.98523 -0.44797
0.70626 5.17714 2.99052 -0.59149
0.771856 5.16734 2.99581 -0.73501
0.851709 5.15584 3.0011 -0.878531
0.945837 5.14279 3.00639 -1.02205
1.05426 5.12834 3.01168 -1.16557
1.17693 5.11346 3.02987 -1.30584
1.3138 5.09939 3.04807 -1.44611
1.46489 5.08663 3.06626 -1.58637
1.63017 5.07568 3.08446 -1.72664
1.79916 5.0562 2.96862 -1.67744
1.95998 5.01845 2.85279 -1.62824
2.11074 4.96403 2.73696 -1.57905
2.24979 4.89474 2.62112 -1.52985
2.38941 4.82589 2.745 -1.58558
2.54172 4.77299 2.86888 -1.64131
2.70485 4.73814 2.99276 -1.69704
2.86328 4.71545 3.00622 -1.50379
3.00283 4.69738 3.01968 -1.31054
3.12341 4.68341 3.03314 -1.11729
3.22495 4.67302 3.04661 -0.92404
3.30736 4.66571 3.06007 -0.73079
3.3706 4.66095 3.07353 -0.53754
3.41461 4.65822 3.08699 -0.34429
3.43934 4.65702 3.10046 -0.15104
3.44478 4.65681 3.11392 0.0422094
3.4428 4.65695 2.9825 -0.00239104
3.44469 4.65655 2.91298 -0.0363434
3.44983 4.65515 2.84345 -0.0702957
3.45807 4.65228 2.77392 -0.104248
3.46922 4.64751 2.7044 -0.1382
3.48303 4.64044 2.63487 -0.172153
3.49922 4.63068 2.56534 -0.206105
3.51748 4.61787 2.49582 -0.240057
3.54188 4.60494 2.7995 -0.314361
3.5763 4.5985 3.10319 -0.388664
3.61564 4.59376 2.94117 -0.404675
3.65524 4.58229 2.77915 -0.420685
3.69391 4.5639 2.61712 -0.436695
3.73042 4.5386 2.4551 -0.452705
3.76352 4.50663 2.29308 -0.468715
3.79199 4.46845 2.13105 -0.484725
3.81467 4.42477 1.96903 -0.500735
3.8305 4.37648 1.80701 -0.516745
3.83858 4.32469 1.64498 -0.532755
3.83486 4.27395 1.34598 -0.488644
3.81797 4.23064 1.04697 -0.444533
3.7918 4.19767 0.747961 -0.400421
3.76072 4.17634 0.448953 -0.35631
3.73617 4.16323 0.540638 -0.200474
3.72741 4.1582 0.48225 -0.00162451
3.72217 4.15648 0.232337 -0.108774
3.70605 4.15497 -0.0175755 -0.215924
3.69312 4.15501 0.018888 -0.0428075
3.69749 4.15523 0.0553515 0.13031
3.71911 4.15688 0.091815 0.303427
3.75786 4.16121 0.128279 0.476544
3.81356 4.16948 0.164742 0.649661
3.88594 4.18293 0.201206 0.822777
3.97468 4.20277 0.237669 0.995894
4.07938 4.23022 0.274133 1.16901
4.19958 4.26646 0.310596 1.34213
4.33477 4.31264 0.34706 1.51525
4.4707 4.36639 0.406699 1.40853
4.59351 4.42362 0.466338 1.30181
4.70331 4.483 0.525977 1.19509
4.80032 4.54319 0.585617 1.08837
4.88484 4.60289 0.645256 0.981652
4.95734 4.66085 0.704895 0.874933
5.01832 4.71588 0.764535 0.768214
5.06845 4.76683 0.824174 0.661496
5.11568 4.80848 0.61764 0.600062
5.16511 4.83653 0.411107 0.538627
5.21339 4.85199 0.204573 0.477193
5.25772 4.8566 -0.00196031 0.415759
5.29187 4.85826 0.106535 0.268426
5.31111 4.86124 0.21503 0.121094
5.31571 4.86238 0.323526 -0.0262389
5.31185 4.86164 0.0785788 -0.0526895
5.31065 4.86156 0.271481 0.0288963
5.3171 4.86419 0.464382 0.110482
5.32982 4.87233 0.657284 0.192068
5.34668 4.88834 0.850186 0.273653
5.36492 4.91389 1.04309 0.355239
5.38133 4.94987 1.23599 0.436825
5.39247 4.99624 1.42889 0.518411
5.40297 5.05184 1.34188 0.613632
5.42082 5.11549 1.25486 0.708853
5.44748 5.18626 1.16785 0.804074
5.48431 5.26302 1.08084 0.899295
5.5325 5.34449 0.993823 0.994517
5.59067 5.41735 0.79593 0.873072
5.65273 5.46956 0.598036 0.751628
5.7132 5.50275 0.400142 0.630183
5.76743 5.51981 0.202249 0.508739
5.8119 5.52462 0.00435493 0.387294
5.84438 5.52174 -0.193539 0.26585
5.86405 5.51603 -0.391432 0.144405
5.87702 5.51046 -0.419541 0.13792
5.88924 5.5048 -0.44765 0.131435
5.90072 5.4991 -0.475758 0.12495
5.91146 5.49337 -0.503867 0.118465
5.91946 5.4891 -0.474708 0.0629621
5.91724 5.48937 -0.166454 -0.106914
5.91028 5.48993 0.0420484 -0.0329875
5.91066 5.49012 0.250551 0.0409387
5.92002 5.49387 0.468461 0.161178
5.93841 5.50611 0.686372 0.281418
5.96211 5.5306 0.904282 0.401658
5.99487 5.56485 0.720576 0.547518
6.04511 5.60111 0.536869 0.693379
6.11428 5.63385 0.353163 0.83924
6.20233 5.65717 0.169457 0.985101
6.30205 5.66324 -0.0467679 1.01689
6.40389 5.64728 -0.262993 1.04867
6.50288 5.6087 -0.479217 1.08046
6.59393 5.54801 -0.695442 1.11224
6.67205 5.46693 -0.911667 1.14403
6.75504 5.38594 -0.636175 1.18252
6.86031 5.32875 -0.360684 1.22101
6.9809 5.3015 -0.0851919 1.2595
7.10819 5.30828 0.1903 1.29799
7.23247 5.35067 0.465791 1.33648
7.3497 5.39759 0.292265 1.19209
7.45915 5.42062 0.118739 1.04769
7.55652 5.42394 -0.054787 0.903302
7.63873 5.41244 -0.228313 0.758909
7.704 5.39138 -0.401839 0.614517
7.75192 5.36614 -0.575365 0.470124
7.7834 5.34187 -0.748891 0.325732
7.80475 5.32468 -0.597347 0.22307
7.81956 5.31602 -0.445803 0.120409
7.82595 5.3134 -0.294258 0.0177471
7.82265 5.314 -0.142714 -0.0849145
7.80982 5.31806 -0.433931 -0.185141
7.79033 5.3311 -0.725148 -0.285368
7.76898 5.35683 -1.01637 -0.385595
7.75195 5.39676 -1.30758 -0.485822
7.74592 5.44983 -1.5988 -0.586049
7.75711 5.51222 -1.89002 -0.686276
7.79022 5.57771 -2.18123 -0.786503
7.84759 5.63819 -2.47245 -0.886729
7.91768 5.67809 -2.78566 -0.732806
7.98162 5.69142 -3.09888 -0.578882
8.04111 5.69563 -3.04364 -0.614012
8.10376 5.70355 -2.9884 -0.649141
8.16933 5.71555 -2.93316 -0.684271
8.23756 5.73198 -2.87792 -0.7194
8.30814 5.75316 -2.82268 -0.75453
8.37183 5.77776 -2.71975 -0.611743
8.41996 5.80227 -2.61682 -0.468956
8.45335 5.82382 -2.51388 -0.326169
8.47324 5.83972 -2.41095 -0.183383
8.48127 5.84753 -2.30801 -0.040596
8.47942 5.84507 -2.20508 0.102191
8.47841 5.84349 -2.461 -0.0654454
8.49127 5.851 -2.71692 -0.233082
8.52159 5.8599 -2.97283 -0.400718
8.55442 5.86542 -2.97797 -0.264987
8.57387 5.86858 -2.98312 -0.129256
8.57994 5.86954 -2.98826 0.00647418
8.57259 5.86843 -2.9934 0.142205
8.5518 5.86539 -2.99854 0.277935
8.51756 5.86055 -3.00368 0.413666
8.46985 5.85406 -3.00882 0.549397
8.40864 5.84605 -3.01397 0.685127
8.33692 5.83036 -2.84243 0.784988
8.25969 5.79892 -2.6709 0.884848
8.18049 5.74949 -2.49936 0.984709
8.10344 5.68062 -2.32783 1.08457
8.03308 5.59181 -2.15629 1.18443
7.98233 5.49253 -1.92572 1.05036
7.9588 5.39728 -1.69514 0.916286
7.95777 5.31255 -1.46457 0.782214
7.9732 5.24288 -1.234 0.648142
7.99829 5.19061 -1.00342 0.51407
8.02623 5.15584 -0.772849 0.379998
8.05079 5.13655 -0.542275 0.245926
8.06693 5.12892 -0.311701 0.111854
8.07127 5.1278 -0.0811275 -0.0222179
8.06951 5.12791 -0.0473298 -0.0131221
8.06977 5.12792 0.00367517 0.0184765
8.0712 5.12792 -0.0104926 0.0100182
8.07178 5.12791 -0.0246604 0.00155997
8.07181 5.12791 -0.000179575 -0.000938244
