-8 -5 0 0
-8.00428 -5.0006 0.210113 -0.0866016
-8.01656 -5.00477 0.420227 -0.173203
-8.03518 -5.01574 0.63034 -0.259805
-8.05752 -5.03614 0.840453 -0.346407
-8.08016 -5.06777 1.05057 -0.433008
-8.09446 -5.09883 1.24533 -0.251945
-8.09839 -5.11447 1.4401 -0.0708815
-8.09862 -5.1125 1.63487 0.110182
-8.10213 -5.09276 1.82964 0.291245
-8.1157 -5.05714 2.0244 0.472308
-8.14537 -5.00942 2.21917 0.653372
-8.18424 -4.95314 2.13272 0.714898
-8.22116 -4.88838 2.04626 0.776425
-8.25492 -4.81509 1.9598 0.837952
-8.28431 -4.73337 1.87335 0.899479
-8.30812 -4.64348 1.78689 0.961005
-8.32513 -4.5458 1.70044 1.02253
-8.33417 -4.44089 1.61398 1.08406
-8.32707 -4.33829 1.38544 0.97743
-8.30004 -4.25013 1.1569 0.870801
-8.25911 -4.17957 0.928353 0.764172
-8.20921 -4.12863 0.656804 0.666312
-8.15594 -4.0978 0.385256 0.568453
-8.10581 -4.0848 0.113707 0.470594
-8.06377 -4.08551 -0.157841 0.372735
-8.02633 -4.09473 -0.323429 0.399404
-7.98847 -4.11106 -0.489017 0.426074
-7.95158 -4.13484 -0.654605 0.452744
-7.91715 -4.16617 -0.820194 0.479414
-7.88273 -4.20449 -0.856684 0.550772
-7.84515 -4.24951 -0.893174 0.62213
-7.80487 -4.30151 -0.929664 0.693488
-7.76235 -4.36074 -0.966154 0.764846
-7.71807 -4.42743 -1.00264 0.836204
-7.67253 -4.50177 -1.03913 0.907562
-7.62622 -4.58394 -1.07562 0.97892
-7.57967 -4.67408 -1.11211 1.05028
-7.52689 -4.76698 -0.996808 1.0877
-7.46157 -4.8562 -0.881502 1.12511
-7.38388 -4.94006 -0.766196 1.16253
-7.29421 -5.01685 -0.650891 1.19995
-7.1932 -5.08492 -0.535585 1.23737
-7.08171 -5.14262 -0.420279 1.27479
-6.96083 -5.18845 -0.304973 1.3122
-6.83185 -5.22098 -0.189667 1.34962
-6.69786 -5.23972 -0.0884203 1.35751
-6.56187 -5.24486 0.012826 1.36541
-6.42527 -5.23617 0.114072 1.3733
-6.28946 -5.2136 0.215319 1.38119
-6.15588 -5.1772 0.316565 1.38908
-6.02592 -5.12721 0.417811 1.39697
-5.90111 -5.07499 0.374172 1.30906
-5.78239 -5.03131 0.330532 1.22115
-5.67026 -4.99551 0.286892 1.13323
-5.56515 -4.96695 0.243252 1.04532
-5.46748 -4.94493 0.199613 0.957404
-5.37758 -4.92874 0.155973 0.86949
-5.29578 -4.91767 0.112333 0.781576
-5.22233 -4.91097 0.0686933 0.693662
-5.14751 -4.90656 0.0495972 0.8054
-5.06145 -4.90313 0.0305011 0.917137
-4.96417 -4.90111 0.011405 1.02887
-4.8557 -4.90092 -0.00769107 1.14061
-4.73607 -4.903 -0.0267872 1.25235
-4.60534 -4.90777 -0.0458832 1.36409
-4.46357 -4.91566 -0.0649793 1.47583
-4.31083 -4.92708 -0.0840754 1.58756
-4.14721 -4.94246 -0.103172 1.6993
-3.97281 -4.96222 -0.122268 1.81104
-3.78532 -4.98648 -0.134942 1.96997
-3.58242 -5.01536 -0.147616 2.1289
-3.3642 -5.04924 -0.16029 2.28782
-3.13076 -5.08852 -0.172964 2.44675
-2.88219 -5.13359 -0.185638 2.60568
-2.61861 -5.18483 -0.198312 2.76461
-2.34015 -5.24265 -0.210986 2.92354
-2.06197 -5.31588 -0.304354 2.83168
-1.80045 -5.41158 -0.397722 2.73982
-1.53546 -5.50435 -0.276797 2.8789
-1.25975 -5.54909 -0.0427097 2.72022
-0.996967 -5.52983 0.191378 2.56154
-0.760906 -5.45495 0.425465 2.40285
-0.562211 -5.33552 0.659552 2.24417
-0.407929 -5.18437 0.893639 2.08549
-0.301327 -5.01496 1.12773 1.92681
-0.200905 -4.85167 0.910895 1.91467
-0.0921235 -4.6977 1.00101 1.85707
-0.000524933 -4.53954 1.09113 1.79948
0.0740444 -4.37901 1.18125 1.74188
0.131919 -4.21783 1.27136 1.68429
0.173606 -4.05768 1.36148 1.62669
0.189335 -3.90469 1.57924 1.45517
0.173645 -3.76893 1.797 1.28364
0.146476 -3.64204 1.76658 1.31165
0.122676 -3.51164 1.73616 1.33966
0.102435 -3.3778 1.70574 1.36767
0.0859387 -3.24062 1.67532 1.39568
0.0733729 -3.10022 1.6449 1.4237
0.0649186 -2.95671 1.61448 1.45171
0.0607537 -2.8102 1.58405 1.47972
0.0610524 -2.66083 1.55363 1.50773
0.0659847 -2.50874 1.52321 1.53574
0.0757165 -2.35408 1.49279 1.56375
0.0732212 -2.19559 1.67936 1.61107
0.0404239 -2.03568 1.86593 1.65838
-0.0232544 -1.88026 2.05249 1.7057
-0.117226 -1.73539 2.23906 1.75302
-0.239699 -1.60703 2.42563 1.80033
-0.387694 -1.50087 2.6122 1.84765
-0.532818 -1.3971 2.42741 1.72554
-0.647968 -1.27724 2.24263 1.60343
-0.732459 -1.14847 2.05785 1.48132
-0.795557 -1.01031 1.94157 1.55802
-0.844558 -0.858477 1.8253 1.63471
-0.87711 -0.694464 1.70903 1.71141
-0.891027 -0.520141 1.59275 1.78811
-0.905336 -0.332931 1.69969 1.9688
-0.942821 -0.130557 1.80663 2.14949
-0.96321 0.0899214 1.52248 2.29383
-0.91825 0.321401 1.23832 2.43818
-0.803624 0.54379 0.954168 2.58253
-0.621351 0.735567 0.670013 2.72687
-0.380197 0.8758 0.385858 2.87122
-0.133374 1.00538 0.58289 2.7132
0.0710529 1.17084 0.779923 2.55518
0.229064 1.36096 0.976955 2.39716
0.3393 1.56446 1.17399 2.23914
0.402929 1.77053 1.37102 2.08112
0.423393 1.96937 1.56805 1.9231
0.406045 2.15266 1.76508 1.76508
0.357706 2.3139 1.96212 1.60706
0.286159 2.44864 2.15915 1.44903
0.216972 2.58014 1.95295 1.52803
0.174002 2.7306 1.74675 1.60702
0.162173 2.89453 1.54055 1.68601
0.161294 3.06081 1.61193 1.64018
0.148911 3.22202 1.68331 1.59435
0.125738 3.37741 1.75469 1.54852
0.0925396 3.52629 1.82608 1.50269
0.0501228 3.66802 1.89746 1.45686
0.0237359 3.80369 1.6237 1.3159
0.0338294 3.92743 1.34994 1.17493
0.0720802 4.03067 1.07619 1.03397
0.128522 4.10838 0.802434 0.893
0.192819 4.15927 0.528679 0.752035
0.255491 4.18551 0.254924 0.611069
0.308968 4.19218 -0.0188312 0.470104
0.348934 4.18894 -0.150391 0.332417
0.374692 4.18344 -0.281952 0.194731
0.38657 4.17929 -0.413512 0.0570449
0.385594 4.17997 -0.545072 -0.0806413
0.373444 4.18866 -0.676632 -0.218328
0.352401 4.20817 -0.808193 -0.356014
0.32527 4.24083 -0.939753 -0.4937
0.295287 4.28838 -1.07131 -0.631386
0.266019 4.35193 -1.20287 -0.769072
0.242077 4.42896 -1.3339 -0.845267
0.227105 4.51595 -1.46493 -0.921461
0.22332 4.61176 -1.59596 -0.997655
0.232776 4.71483 -1.72699 -1.07385
0.257291 4.82321 -1.85802 -1.15004
0.298387 4.9346 -1.98905 -1.22624
0.357225 5.04641 -2.12008 -1.30243
0.434559 5.15579 -2.25111 -1.37863
0.530688 5.25972 -2.38214 -1.45482
0.649725 5.34315 -2.67808 -1.46315
0.78871 5.3885 -2.97401 -1.47148
0.926842 5.41551 -2.92221 -1.3438
1.05101 5.44654 -2.87042 -1.21612
1.16119 5.48021 -2.81862 -1.08844
1.25749 5.51518 -2.76682 -0.960765
1.34778 5.54487 -2.88133 -0.941243
1.43896 5.56366 -2.99584 -0.921722
1.52975 5.57173 -3.11035 -0.902201
1.61049 5.57377 -3.12287 -0.713222
1.67236 5.57456 -3.1354 -0.524242
1.71608 5.57838 -2.96247 -0.354548
1.74214 5.58521 -2.78955 -0.184854
1.75128 5.58923 -2.61663 -0.0151602
1.74572 5.58504 -2.4437 0.154534
1.72897 5.56798 -2.27078 0.324228
1.70565 5.53443 -2.09786 0.493922
1.68636 5.48494 -1.79461 0.572432
1.68216 5.42415 -1.49137 0.650941
1.6981 5.35727 -1.18812 0.729451
1.73727 5.29147 -0.884874 0.807961
1.79708 5.22634 -0.774205 0.961536
1.87527 5.1581 -0.663536 1.11511
1.97312 5.09015 -0.552867 1.26869
2.09136 5.02609 -0.442198 1.42226
2.23017 4.96969 -0.331528 1.57584
2.38913 4.92479 -0.220859 1.72941
2.56721 4.89518 -0.11019 1.88299
2.7628 4.88458 0.00047915 2.03656
2.97369 4.89651 0.111148 2.19014
3.19711 4.93419 0.221817 2.34371
3.42445 5.01975 0.494607 2.52946
3.63528 5.17432 0.767397 2.71521
3.80813 5.39452 1.04019 2.90095
3.98046 5.61522 0.772593 2.71588
4.19019 5.77149 0.505001 2.53081
4.41658 5.86006 0.237408 2.34573
4.63998 5.8837 -0.0301845 2.16066
4.84348 5.85045 -0.297777 1.97558
5.01418 5.77229 -0.56537 1.79051
5.17414 5.68768 -0.408238 1.8324
5.34933 5.6278 -0.251107 1.87428
5.53586 5.59535 -0.0939751 1.91617
5.71929 5.58702 0.00464454 1.75765
5.88682 5.59594 0.103264 1.59914
6.037 5.6189 0.201884 1.44062
6.16885 5.6526 0.300504 1.28211
6.28184 5.69368 0.399123 1.1236
6.38566 5.73362 0.335159 1.10138
6.48969 5.76617 0.271195 1.07916
6.59343 5.79149 0.207231 1.05694
6.69639 5.80973 0.143267 1.03471
6.7981 5.82111 0.0793024 1.01249
6.89811 5.82585 0.0153382 0.990275
6.996 5.82424 -0.048626 0.968055
7.09137 5.81655 -0.11259 0.945834
7.17974 5.80805 -0.0784011 0.8299
7.25678 5.80328 -0.0442121 0.713965
7.32235 5.80147 -0.0100231 0.598031
7.37636 5.80182 0.0241659 0.482096
7.41873 5.80354 0.0583549 0.366162
7.44947 5.80583 0.0925439 0.250227
7.46858 5.8079 0.126733 0.134293
7.48122 5.80972 0.160202 0.12123
7.49252 5.81174 0.193672 0.108167
7.51032 5.81243 -0.0797429 0.249233
7.54138 5.80527 -0.353158 0.390298
7.58177 5.78337 -0.626572 0.531364
7.6249 5.74166 -0.899987 0.672429
7.66233 5.67775 -1.1734 0.813495
7.68474 5.59252 -1.44682 0.95456
7.7031 5.49776 -1.31252 0.977275
7.7347 5.40416 -1.17823 0.99999
7.77957 5.31361 -1.04394 1.0227
7.83742 5.22799 -0.909648 1.04542
7.90772 5.1492 -0.775355 1.06813
7.98967 5.07905 -0.641063 1.09085
8.08217 5.01928 -0.506771 1.11356
8.1839 4.97146 -0.372479 1.13628
8.28663 4.94324 -0.159135 0.998323
8.37924 4.93813 0.0542087 0.860367
8.45725 4.95054 0.267552 0.72241
8.51805 4.97416 0.480896 0.584454
8.561 5.00247 0.69424 0.446498
8.58741 5.02936 0.907584 0.308542
8.60025 5.04953 1.12093 0.170586
8.60389 5.059 1.33427 0.0326297
8.60366 5.05537 1.54762 -0.105326
8.60227 5.04125 1.40928 -0.178554
8.59727 5.02034 1.27094 -0.251781
8.5868 4.9935 1.13261 -0.325008
8.56917 4.96196 0.994269 -0.398235
8.54296 4.92731 0.855932 -0.471462
8.50705 4.89142 0.717596 -0.544689
8.4607 4.85641 0.579259 -0.617916
8.40359 4.82455 0.440922 -0.691143
8.3358 4.79821 0.302586 -0.76437
8.2719 4.77825 0.302932 -0.574527
8.21812 4.76127 0.308616 -0.5535
8.16643 4.74464 0.3143 -0.532473
8.11684 4.72836 0.319984 -0.511446
8.06933 4.71247 0.325668 -0.490418
8.02391 4.69699 0.331352 -0.469391
7.98127 4.68435 0.243182 -0.420397
7.94248 4.67649 0.155011 -0.371403
7.90802 4.67261 0.0668413 -0.322409
7.87959 4.67017 0.10603 -0.248273
7.85863 4.66755 0.145218 -0.174137
7.84511 4.66533 0.184406 -0.100002
7.83894 4.66408 0.223595 -0.0258664
7.84002 4.66437 0.262783 0.0482692
7.84506 4.6653 0.105503 0.0543429
7.85079 4.66545 -0.0517771 0.0604167
7.85597 4.6651 -0.0839114 0.043287
7.85942 4.66476 -0.116046 0.0261574
7.86117 4.66453 -0.14818 0.00902782
7.86267 4.66444 0.0119609 0.0210563
7.86339 4.66445 -0.0343518 -0.00661087
7.86282 4.66446 -0.0316536 -0.00482658
7.86291 4.66447 -0.000937579 0.00662393
