-8 -5 0 0
-7.99358 -4.99994 0.0148726 0.128447
-7.97432 -4.99949 0.0297452 0.256895
-7.94223 -4.99828 0.0446178 0.385342
-7.89733 -4.99593 0.0594903 0.51379
-7.83966 -4.99204 0.0743629 0.642237
-7.76925 -4.98626 0.0892355 0.770684
-7.68616 -4.97818 0.104108 0.899132
-7.59042 -4.96744 0.118981 1.02758
-7.48212 -4.95366 0.133853 1.15603
-7.36452 -4.94658 -0.0126265 1.20224
-7.24255 -4.95714 -0.159106 1.24846
-7.11893 -4.98645 -0.305586 1.29468
-6.99663 -5.03519 -0.452066 1.3409
-6.87875 -5.10358 -0.598546 1.38712
-6.76851 -5.19132 -0.745025 1.43333
-6.66686 -5.29358 -0.831697 1.45125
-6.57331 -5.40563 -0.918369 1.46917
-6.48878 -5.52683 -1.00504 1.48708
-6.39318 -5.64044 -0.737539 1.49131
-6.2706 -5.72497 -0.470037 1.49553
-6.12964 -5.77423 -0.202535 1.49976
-5.98026 -5.78451 0.0649666 1.50398
-5.83305 -5.75486 0.332468 1.50821
-5.69855 -5.68716 0.59997 1.51243
-5.5934 -5.59207 0.876415 1.33198
-5.5277 -5.48716 1.15286 1.15153
-5.4981 -5.38559 1.4293 0.971086
-5.48091 -5.29567 1.33269 0.86064
-5.45825 -5.21841 1.23608 0.750193
-5.43197 -5.15553 1.10967 0.613874
-5.4048 -5.10824 0.98327 0.477554
-5.38013 -5.07561 0.856867 0.341235
-5.36109 -5.05605 0.730464 0.204915
-5.35045 -5.04748 0.604061 0.0685952
-5.35048 -5.04733 0.477659 -0.0677244
-5.36297 -5.05267 0.351256 -0.204044
-5.37585 -5.05698 0.282315 -0.0676488
-5.37578 -5.05704 0.213374 0.0687464
-5.36229 -5.05468 0.144432 0.205142
-5.33512 -5.05176 0.0754914 0.341537
-5.29419 -5.05016 0.00655026 0.477932
-5.23961 -5.05176 -0.0623909 0.614327
-5.1717 -5.05844 -0.131332 0.750723
-5.09096 -5.07203 -0.200273 0.887118
-4.99808 -5.09432 -0.269214 1.02351
-4.90474 -5.13215 -0.501936 0.995368
-4.82492 -5.18886 -0.734658 0.967224
-4.76219 -5.26033 -0.96738 0.939079
-4.71895 -5.34186 -1.2001 0.910934
-4.69638 -5.42846 -1.43282 0.882789
-4.67118 -5.51803 -1.16503 0.983787
-4.618 -5.60638 -0.897234 1.08479
-4.53606 -5.68447 -0.629439 1.18578
-4.42752 -5.74288 -0.361644 1.28678
-4.29758 -5.77276 -0.0938487 1.38778
-4.15431 -5.7668 0.173946 1.48878
-4.00812 -5.72008 0.441742 1.58978
-3.87106 -5.63087 0.709537 1.69077
-3.7558 -5.50105 0.977332 1.79177
-3.67107 -5.35139 1.13608 1.65141
-3.61594 -5.20336 1.29483 1.51104
-3.58764 -5.06224 1.45357 1.37068
-3.58254 -4.93243 1.61232 1.23031
-3.59633 -4.81736 1.77107 1.08994
-3.62427 -4.7194 1.92981 0.949577
-3.66139 -4.63978 2.08856 0.809211
-3.70275 -4.57862 2.24731 0.668845
-3.73755 -4.52792 2.09273 0.562316
-3.75955 -4.48207 1.93815 0.455788
-3.77118 -4.44357 1.78357 0.349259
-3.77531 -4.41429 1.629 0.242731
-3.77508 -4.39537 1.47442 0.136202
-3.77379 -4.38718 1.31984 0.0296737
-3.77468 -4.38937 1.16526 -0.0768549
-3.78083 -4.40082 1.01068 -0.183383
-3.79501 -4.41974 0.856102 -0.289912
-3.81951 -4.44372 0.701524 -0.396441
-3.84667 -4.46631 0.685625 -0.310135
-3.86746 -4.48306 0.669727 -0.22383
-3.88171 -4.49417 0.653828 -0.137525
-3.88924 -4.49986 0.63793 -0.0512196
-3.88988 -4.50035 0.622032 0.0350856
-3.88348 -4.49585 0.606133 0.121391
-3.86988 -4.48659 0.590235 0.207696
-3.84892 -4.47281 0.574336 0.294001
-3.82046 -4.45473 0.558438 0.380307
-3.78437 -4.43258 0.54254 0.466612
-3.74491 -4.41326 0.364643 0.413277
-3.70778 -4.40267 0.186746 0.359943
-3.67466 -4.39935 0.00884978 0.306608
-3.64679 -4.4015 -0.169047 0.253274
-3.62247 -4.40262 0.0806969 0.234907
-3.60042 -4.39806 0.330441 0.21654
-3.58183 -4.389 0.580184 0.198173
-3.56745 -4.37681 0.829928 0.179806
-3.55758 -4.36294 1.07967 0.161439
-3.55211 -4.34878 1.32942 0.143072
-3.55052 -4.33552 1.57916 0.124705
-3.55201 -4.32409 1.8289 0.106338
-3.5556 -4.31509 2.07865 0.0879711
-3.55891 -4.31022 2.29208 0.0299342
-3.55891 -4.31009 2.50551 -0.0281027
-3.55393 -4.31288 2.71894 -0.0861396
-3.54298 -4.31635 2.93237 -0.144176
-3.51913 -4.32101 2.96076 -0.341862
-3.47566 -4.32828 2.98916 -0.539547
-3.41243 -4.33703 3.01756 -0.737232
-3.32932 -4.34614 3.04596 -0.934918
-3.23493 -4.36903 2.76531 -1.01389
-3.14373 -4.42105 2.48466 -1.09286
-3.06501 -4.50192 2.20401 -1.17182
-2.9815 -4.58704 2.48736 -1.22107
-2.87325 -4.64783 2.77072 -1.27031
-2.74753 -4.67703 3.05408 -1.31955
-2.6224 -4.69628 2.92209 -1.21445
-2.51096 -4.72887 2.7901 -1.10936
-2.41438 -4.77158 2.65811 -1.00426
-2.31591 -4.81308 2.82392 -1.13529
-2.19922 -4.84081 2.98973 -1.26632
-2.08058 -4.85956 2.97982 -1.13582
-1.97501 -4.87731 2.96991 -1.00531
-1.88246 -4.89382 2.95999 -0.874796
-1.80291 -4.90882 2.95008 -0.744286
-1.73631 -4.92207 2.94017 -0.613777
-1.68262 -4.9333 2.93025 -0.483267
-1.64179 -4.94226 2.92034 -0.352757
-1.61377 -4.9487 2.91042 -0.222248
-1.58944 -4.95654 2.75622 -0.289587
-1.56058 -4.97102 2.60201 -0.356926
-1.52879 -4.99366 2.4478 -0.424266
-1.49604 -5.0256 2.29359 -0.491605
-1.46453 -5.06756 2.13939 -0.558944
-1.43599 -5.10958 2.19771 -0.457065
-1.41126 -5.14178 2.25604 -0.355185
-1.39136 -5.1648 2.31436 -0.253306
-1.37727 -5.17932 2.37269 -0.151426
-1.36988 -5.18613 2.43101 -0.0495462
-1.36292 -5.19136 2.54669 -0.124837
-1.34893 -5.19961 2.66237 -0.200128
-1.32721 -5.20926 2.77805 -0.275419
-1.29735 -5.21861 2.89372 -0.35071
-1.25922 -5.22587 3.0094 -0.426
-1.22058 -5.23517 2.79659 -0.37044
-1.18976 -5.25 2.58379 -0.31488
-1.16714 -5.26759 2.37098 -0.259319
-1.15228 -5.28529 2.15817 -0.203759
-1.14407 -5.30082 1.94537 -0.148199
-1.14079 -5.31238 1.73256 -0.0926382
-1.14033 -5.31884 1.51975 -0.0370778
-1.14038 -5.31977 1.30695 0.0184826
-1.13924 -5.31623 1.22291 0.0560606
-1.13637 -5.30932 1.13886 0.0936385
-1.13121 -5.29933 1.05482 0.131216
-1.12325 -5.28662 0.970783 0.168794
-1.112 -5.27162 0.886742 0.206372
-1.09704 -5.2548 0.802701 0.24395
-1.07799 -5.23671 0.71866 0.281528
-1.05457 -5.21793 0.63462 0.319106
-1.02653 -5.19909 0.550579 0.356684
-0.989198 -5.18138 0.344657 0.471161
-0.937938 -5.16895 0.138735 0.585639
-0.873798 -5.16685 -0.0671863 0.700116
-0.802141 -5.1704 -0.0322428 0.734854
-0.726931 -5.1715 0.00270077 0.769591
-0.648255 -5.16991 0.0376443 0.804329
-0.567203 -5.15548 0.312199 0.847368
-0.489232 -5.11776 0.586753 0.890407
-0.421196 -5.05747 0.861307 0.933446
-0.36973 -4.97738 1.13586 0.976484
-0.340646 -4.88224 1.41042 1.01952
-0.312783 -4.79467 1.10438 0.825638
-0.271044 -4.73528 0.798337 0.631752
-0.22878 -4.70285 0.492297 0.437866
-0.196921 -4.69108 0.186258 0.24398
-0.182299 -4.6901 -0.119782 0.050094
-0.18666 -4.68837 -0.425822 -0.143792
-0.206464 -4.67484 -0.731861 -0.337678
-0.233503 -4.64102 -1.0379 -0.531564
-0.256259 -4.5827 -1.34394 -0.725449
-0.268046 -4.50609 -1.48919 -0.826067
-0.26871 -4.41853 -1.63444 -0.926684
-0.25048 -4.33035 -1.9173 -0.880278
-0.210531 -4.25485 -2.20016 -0.833871
-0.151016 -4.18927 -2.41111 -0.940584
-0.0704515 -4.13137 -2.62206 -1.0473
0.016386 -4.08455 -2.67317 -0.926033
0.0945465 -4.04742 -2.72427 -0.804769
0.163295 -4.01896 -2.77538 -0.683506
0.22198 -3.99811 -2.82648 -0.562242
0.278929 -3.96985 -2.54657 -0.713397
0.337031 -3.91685 -2.26665 -0.864552
0.386181 -3.83707 -1.98673 -1.01571
0.415481 -3.73232 -1.70681 -1.16686
0.41464 -3.60848 -1.42689 -1.31802
0.375399 -3.47523 -1.14697 -1.46917
0.292821 -3.34528 -0.86705 -1.62033
0.166297 -3.23318 -0.58713 -1.77148
0.0202944 -3.11785 -0.747387 -1.95369
-0.117751 -2.9673 -0.907643 -2.13589
-0.240025 -2.78146 -1.0679 -2.3181
-0.338544 -2.56188 -1.22816 -2.50031
-0.405486 -2.31183 -1.38841 -2.68251
-0.433526 -2.03618 -1.54867 -2.86472
-0.423146 -1.75195 -1.66619 -2.827
-0.380089 -1.47462 -1.78371 -2.78928
-0.305823 -1.20788 -1.90124 -2.75156
-0.202225 -0.955182 -2.01876 -2.71384
-0.07154 -0.719667 -2.13628 -2.67612
0.0836545 -0.504159 -2.25381 -2.6384
0.223471 -0.291118 -2.04704 -2.46714
0.312633 -0.0687579 -1.85545 -2.3316
0.355281 0.15322 -1.66386 -2.19606
0.354917 0.365724 -1.47227 -2.06053
0.316708 0.560992 -1.28068 -1.92499
0.247109 0.732873 -1.08909 -1.78945
0.153442 0.877017 -0.897501 -1.65391
0.0434527 0.990964 -0.705911 -1.51837
-0.0751301 1.07413 -0.514321 -1.38283
-0.195014 1.12769 -0.322731 -1.24729
-0.309717 1.1544 -0.131141 -1.11175
-0.411727 1.17581 -0.28608 -0.974999
-0.496442 1.20785 -0.44102 -0.838249
-0.563331 1.24582 -0.59596 -0.701498
-0.612882 1.28512 -0.750899 -0.564747
-0.646537 1.32154 -0.905839 -0.427996
-0.666597 1.35135 -1.06078 -0.291246
-0.67609 1.37149 -1.21572 -0.154495
-0.678618 1.37971 -1.37066 -0.0177443
-0.678174 1.37467 -1.5256 0.119006
-0.67571 1.36157 -1.25424 0.148499
-0.668539 1.34696 -0.982887 0.177991
-0.655767 1.3326 -0.711532 0.207483
-0.637149 1.32059 -0.440177 0.236975
-0.613189 1.31313 -0.168822 0.266467
-0.585167 1.31227 0.102533 0.295959
-0.548301 1.3159 0.0941459 0.444913
-0.496571 1.32055 0.0857592 0.593866
-0.429959 1.32599 0.0773725 0.74282
-0.357401 1.33874 0.271124 0.732893
-0.289582 1.36487 0.464875 0.722966
-0.228902 1.40305 0.658626 0.713039
-0.177429 1.45151 0.852378 0.703112
-0.136827 1.50817 1.04613 0.693185
-0.108306 1.57068 1.23988 0.683258
-0.0925843 1.63656 1.43363 0.673331
-0.0905891 1.71096 1.64742 0.818073
-0.107061 1.7983 1.86121 0.962815
-0.125544 1.89092 1.6732 0.928955
-0.126362 1.98198 1.48519 0.895096
-0.110749 2.06827 1.29718 0.861237
-0.0804991 2.14696 1.10917 0.827377
-0.0378579 2.21574 0.921165 0.793518
0.0139318 2.2814 0.885342 0.879103
0.0735752 2.35169 0.849519 0.964687
0.141463 2.42612 0.813695 1.05027
0.217962 2.50419 0.777872 1.13586
0.303411 2.58537 0.742049 1.22144
0.392641 2.67549 0.837532 1.31601
0.474417 2.77862 0.963186 1.31807
0.54273 2.89136 1.08884 1.32013
0.596459 3.01196 1.21449 1.32219
0.634711 3.13855 1.34015 1.32426
0.656831 3.26913 1.4658 1.32632
0.66242 3.40166 1.59146 1.32838
0.65134 3.53405 1.71711 1.33044
0.623712 3.66421 1.84276 1.33251
0.579922 3.79007 1.96842 1.33457
0.514842 3.89953 2.25019 1.22074
0.430191 3.97884 2.53196 1.10691
0.336947 4.02636 2.81373 0.993087
0.247728 4.06853 2.58597 0.984877
0.170979 4.12925 2.35821 0.976667
0.110434 4.2051 2.13045 0.968457
0.0689316 4.29191 1.90269 0.960247
0.0482806 4.38506 1.67493 0.952037
0.049187 4.47964 1.44717 0.943827
0.071234 4.57079 1.21941 0.935617
0.112923 4.65386 0.991648 0.927407
0.171771 4.72475 0.763888 0.919197
0.240368 4.79421 0.818391 1.03355
0.312663 4.87587 0.872894 1.14791
0.387509 4.9703 0.927396 1.26227
0.463707 5.07799 0.981899 1.37662
0.540015 5.19936 1.0364 1.49098
0.615152 5.3347 1.09091 1.60534
0.700077 5.46209 0.871322 1.46293
0.800426 5.55812 0.651738 1.32053
0.907108 5.62266 0.432155 1.17812
1.0118 5.6579 0.212571 1.03572
1.10753 5.66804 -0.00701209 0.893311
1.18904 5.65873 -0.226596 0.750906
1.25316 5.63659 -0.446179 0.608501
1.29885 5.60851 -0.665762 0.466095
1.33686 5.58674 -0.368281 0.413293
1.37446 5.57822 -0.0708005 0.36049
1.40765 5.58068 0.22668 0.307687
1.43744 5.58964 0.356928 0.314912
1.46647 5.60268 0.487175 0.322136
1.49418 5.61977 0.617422 0.32936
1.52 5.64076 0.747669 0.336585
1.54336 5.66546 0.877916 0.343809
1.56375 5.69356 1.00816 0.351033
1.58065 5.72471 1.13841 0.358258
1.59363 5.75846 1.26866 0.365482
1.60681 5.78805 1.02466 0.283955
1.62171 5.80719 0.780666 0.202429
1.63436 5.81719 0.53667 0.120902
1.64161 5.82057 0.292675 0.039375
1.64145 5.82071 0.0486787 -0.0421518
1.63321 5.82148 -0.195317 -0.123679
1.61768 5.82675 -0.439313 -0.205205
1.60532 5.83209 -0.363187 -0.0640391
1.60597 5.83197 -0.287061 0.0771272
1.6203 5.82842 -0.210936 0.218293
1.64877 5.82354 -0.13481 0.35946
1.69157 5.81947 -0.0586841 0.500626
1.74867 5.81838 0.0174416 0.641792
1.81977 5.82242 0.0935674 0.782958
1.90436 5.83371 0.169693 0.924125
1.99375 5.83958 -0.0407313 0.870985
2.07716 5.82741 -0.251156 0.817846
2.15121 5.79995 -0.46158 0.764707
2.21342 5.76047 -0.672005 0.711567
2.26222 5.71258 -0.882429 0.658428
2.29703 5.65999 -1.09285 0.605289
2.31815 5.60622 -1.30328 0.552149
2.33553 5.55234 -1.21498 0.580582
2.35871 5.49758 -1.12669 0.609014
2.38795 5.44257 -1.0384 0.637447
2.42348 5.38796 -0.950103 0.665879
2.46544 5.33447 -0.861809 0.694312
2.5139 5.28281 -0.773515 0.722744
2.55862 5.23247 -0.918763 0.625221
2.60256 5.18677 -0.692487 0.645347
2.65509 5.15419 -0.414055 0.594969
2.70972 5.13866 -0.135623 0.544591
2.7615 5.13873 0.142809 0.494213
2.80643 5.15163 0.42124 0.443835
2.84184 5.17372 0.699672 0.393457
2.86646 5.20094 0.978104 0.343079
2.88045 5.22938 1.25654 0.2927
2.8852 5.25561 1.53497 0.242322
2.8845 5.27319 1.70843 0.109923
2.88371 5.27749 1.8819 -0.0224767
2.88345 5.27957 1.66204 0.0643324
2.88381 5.29032 1.44218 0.151141
2.88855 5.30914 1.22233 0.23795
2.90112 5.33425 1.00247 0.32476
2.9243 5.36276 0.782613 0.411569
2.95991 5.39093 0.562756 0.498378
3.0086 5.41445 0.342899 0.585187
3.06968 5.42877 0.123042 0.671996
3.14107 5.42955 -0.0968154 0.758805
3.21994 5.41888 -0.170973 0.833386
3.3051 5.40086 -0.245131 0.907967
3.39586 5.37449 -0.319289 0.982549
3.49139 5.33888 -0.393446 1.05713
3.59081 5.29317 -0.467604 1.13171
3.69309 5.23662 -0.541762 1.20629
3.79922 5.1833 -0.388659 1.17156
3.90894 5.14785 -0.235557 1.13683
4.01936 5.1301 -0.0824544 1.1021
4.12773 5.12941 0.070648 1.06737
4.2315 5.14475 0.22375 1.03264
4.3284 5.17471 0.376853 0.997915
4.41648 5.21758 0.529955 0.963185
4.50731 5.26116 0.367147 1.05382
4.61269 5.29199 0.20434 1.14445
4.73065 5.30644 0.0415318 1.23509
4.85844 5.30122 -0.121276 1.32572
4.99257 5.27353 -0.284084 1.41636
5.12888 5.22123 -0.446892 1.50699
5.26173 5.16178 -0.394092 1.40429
5.38795 5.11311 -0.341292 1.30158
5.5068 5.07435 -0.288492 1.19888
5.61761 5.04458 -0.235691 1.09618
5.71979 5.02283 -0.182891 0.993473
5.81283 5.0081 -0.130091 0.89077
5.89631 4.99937 -0.0772913 0.788066
5.97236 4.9854 -0.287273 0.761159
6.04134 4.95691 -0.497255 0.734252
6.10066 4.91619 -0.707237 0.707344
6.14833 4.86595 -0.917219 0.680437
6.18309 4.80917 -1.1272 0.65353
6.21303 4.7581 -0.947815 0.532033
6.244 4.71954 -0.837524 0.457624
6.2667 4.6876 -1.08184 0.327908
6.28013 4.66527 -0.96692 0.193661
6.28919 4.64904 -1.15992 0.178639
6.29449 4.63279 -1.35291 0.163618
6.2964 4.61733 -1.54591 0.148596
6.29875 4.59624 -1.39007 0.276032
6.30759 4.56348 -1.23423 0.403469
6.32653 4.52082 -1.07839 0.530905
6.35874 4.47091 -0.922557 0.658342
6.40676 4.41708 -0.766719 0.785778
6.47238 4.36327 -0.610881 0.913215
6.55653 4.31383 -0.455043 1.04065
6.65916 4.27335 -0.299205 1.16809
6.77925 4.24651 -0.143367 1.29552
6.91476 4.23779 0.0124708 1.42296
7.05667 4.24378 0.0718941 1.41822
7.1975 4.25814 0.131317 1.41347
7.33677 4.28075 0.190741 1.40873
7.47398 4.3115 0.250164 1.40398
7.60867 4.35021 0.309587 1.39924
7.74037 4.39669 0.369011 1.39449
7.86865 4.45073 0.428434 1.38975
7.99306 4.51208 0.487857 1.38501
8.1132 4.58048 0.54728 1.38026
8.22576 4.64674 0.516223 1.23222
8.32734 4.70237 0.485165 1.08417
8.4174 4.74812 0.454108 0.936131
8.49543 4.78476 0.42305 0.788087
8.56097 4.81309 0.391993 0.640044
8.61359 4.83394 0.360935 0.492
8.65291 4.84813 0.329878 0.343957
8.67857 4.85651 0.29882 0.195914
8.69026 4.85995 0.267762 0.0478702
8.69659 4.86129 0.157263 0.0816828
8.7064 4.86226 0.046763 0.115495
8.71963 4.86212 -0.0637367 0.149308
8.73613 4.86011 -0.174236 0.18312
8.75559 4.85553 -0.284736 0.216933
8.77761 4.84771 -0.395236 0.250746
8.80139 4.8409 -0.162099 0.245162
8.82555 4.83978 0.0710385 0.239579
8.84876 4.84418 0.304176 0.233996
8.86982 4.85359 0.537313 0.228413
8.8817 4.85927 0.296364 0.0354203
8.89044 4.86119 0.162529 0.143664
8.91012 4.86296 0.028695 0.251908
8.94068 4.86167 -0.105139 0.360152
8.97593 4.85634 -0.195282 0.353249
9.0099 4.84802 -0.285424 0.346347
9.04232 4.8369 -0.375566 0.339444
9.07299 4.82319 -0.465709 0.332542
9.10169 4.80711 -0.555851 0.32564
9.12825 4.78891 -0.645993 0.318737
9.15254 4.76882 -0.736136 0.311835
9.17444 4.74712 -0.826278 0.304932
9.19385 4.72406 -0.916421 0.29803
9.20926 4.70355 -0.937489 0.215085
9.2194 4.68946 -0.958557 0.13214
9.22454 4.68199 -0.979625 0.0491946
9.22497 4.68135 -1.00069 -0.0337504
9.22099 4.68774 -1.02176 -0.116696
9.2129 4.70132 -1.04283 -0.199641
9.20098 4.72228 -1.0639 -0.282586
9.18556 4.75078 -1.08497 -0.365531
9.16695 4.78698 -1.10603 -0.448476
9.13811 4.82806 -0.821776 -0.558647
9.09038 4.8663 -0.537519 -0.668818
9.02369 4.89385 -0.253261 -0.778988
8.94105 4.90281 0.0309967 -0.889159
8.8484 4.88634 0.315254 -0.99933
8.75423 4.8397 0.599512 -1.1095
8.66882 4.7611 0.88377 -1.21967
8.58472 4.67619 0.695444 -1.17397
8.48998 4.61111 0.507118 -1.12826
8.38891 4.56675 0.318792 -1.08255
8.28577 4.54311 0.130466 -1.03685
8.18459 4.53937 -0.0578601 -0.991143
8.08901 4.55394 -0.246186 -0.945437
8.00215 4.58462 -0.434512 -0.899731
7.92651 4.62872 -0.622838 -0.854026
7.86237 4.67197 -0.561488 -0.693276
7.80956 4.70306 -0.500139 -0.532527
7.76928 4.72359 -0.438789 -0.371778
7.74257 4.73522 -0.37744 -0.211029
7.73032 4.73974 -0.31609 -0.0502794
7.73323 4.73897 -0.25474 0.11047
7.73633 4.73821 -0.109053 -0.0465456
7.73174 4.73856 -0.0438495 -0.0456958
7.72848 4.7387 -0.0448036 -0.0195375
7.72783 4.73873 -0.0457577 0.00662075
7.7298 4.73864 -0.0467118 0.032779
7.73037 4.7386 0.0277045 -0.0213411
7.72822 4.73855 0.0177781 -0.0215991
7.72624 4.73852 0.0220468 -0.0181073
7.7246 4.73848 0.0263155 -0.0146155
7.72332 4.73844 0.0305843 -0.0111237
7.72238 4.73841 0.034853 -0.00763192
7.72179 4.73839 0.0391217 -0.00414012
7.72155 4.73838 0.0433905 -0.000648314
7.72141 4.73837 0.0280476 -0.00227738
7.72065 4.73837 -0.0049792 -0.0128733
7.71973 4.73837 0.00598285 -0.0054228
