-8 -5 0 0
-8.00712 -5.00018 0.0385346 -0.142397
-8.02844 -5.00146 0.0770691 -0.284793
-8.06321 -4.99834 -0.236779 -0.416267
-8.10741 -4.9796 -0.550627 -0.547742
-8.15361 -4.93963 -0.864475 -0.679216
-8.19206 -4.87618 -1.17832 -0.810691
-8.2121 -4.79123 -1.49217 -0.942165
-8.20391 -4.69119 -1.80602 -1.07364
-8.16022 -4.58646 -2.11987 -1.20511
-8.07785 -4.49037 -2.43371 -1.33659
-7.95868 -4.41755 -2.74756 -1.46806
-7.81015 -4.38191 -3.0601 -1.59918
-7.65813 -4.36953 -3.06055 -1.45142
-7.52082 -4.3584 -3.061 -1.30366
-7.39824 -4.34853 -3.06145 -1.1559
-7.29039 -4.33989 -3.06191 -1.00814
-7.19725 -4.33248 -3.06236 -0.860386
-7.11885 -4.32627 -3.06281 -0.712628
-7.05517 -4.32126 -3.06326 -0.564869
-7.0019 -4.31525 -2.99419 -0.507607
-6.95479 -4.30662 -2.92512 -0.450344
-6.91394 -4.29618 -2.85605 -0.393081
-6.87934 -4.28474 -2.78698 -0.335818
-6.85092 -4.27312 -2.71791 -0.278555
-6.82849 -4.2621 -2.64883 -0.221292
-6.81183 -4.25243 -2.57976 -0.16403
-6.7937 -4.24237 -2.68279 -0.25093
-6.76665 -4.23078 -2.78582 -0.337831
-6.73027 -4.21943 -2.88885 -0.424731
-6.6844 -4.21015 -2.99187 -0.511632
-6.62917 -4.20479 -3.0949 -0.598533
-6.57127 -4.20159 -3.07791 -0.561296
-6.51715 -4.19769 -3.06093 -0.524059
-6.4668 -4.19319 -3.04394 -0.486822
-6.42025 -4.18824 -3.02695 -0.449585
-6.37747 -4.18295 -3.00997 -0.412348
-6.33849 -4.17745 -2.99298 -0.375111
-6.30328 -4.17188 -2.97599 -0.337874
-6.27183 -4.16636 -2.95901 -0.300637
-6.24414 -4.16101 -2.94202 -0.2634
-6.22623 -4.15527 -2.68773 -0.113839
-6.2228 -4.1534 -2.43345 0.0357214
-6.22996 -4.16178 -2.17916 0.185282
-6.24168 -4.18492 -1.92487 0.334843
-6.25056 -4.22479 -1.67059 0.484404
-6.24872 -4.28053 -1.4163 0.633964
-6.22877 -4.34834 -1.16202 0.783525
-6.18479 -4.42178 -0.907729 0.933086
-6.11315 -4.49229 -0.653443 1.08265
-6.01431 -4.55578 -0.492898 1.26945
-5.8895 -4.61015 -0.332353 1.45626
-5.73953 -4.64852 -0.171808 1.64307
-5.56677 -4.66412 -0.0112626 1.82988
-5.37512 -4.65063 0.149282 2.01669
-5.16993 -4.60242 0.309827 2.2035
-4.9529 -4.54683 0.192318 2.2798
-4.72329 -4.51606 0.0748078 2.3561
-4.48403 -4.51229 -0.042702 2.4324
-4.2384 -4.53738 -0.160212 2.5087
-3.98995 -4.59274 -0.277722 2.585
-3.74251 -4.67937 -0.395232 2.6613
-3.50009 -4.79775 -0.512741 2.73759
-3.26679 -4.94786 -0.630251 2.81389
-3.03706 -5.09337 -0.497437 2.62878
-2.80689 -5.19944 -0.364623 2.44367
-2.58261 -5.27944 -0.320215 2.31924
-2.36688 -5.34575 -0.275807 2.19481
-2.16047 -5.3993 -0.2314 2.07038
-1.96406 -5.44104 -0.186992 1.94594
-1.77826 -5.47199 -0.142585 1.82151
-1.60356 -5.48524 -0.00709334 1.68521
-1.44227 -5.4756 0.128398 1.5489
-1.29712 -5.44691 0.263889 1.4126
-1.17004 -5.40332 0.399381 1.27629
-1.06219 -5.34909 0.534872 1.13999
-0.973864 -5.28851 0.670363 1.00368
-0.904608 -5.22572 0.805855 0.867376
-0.853214 -5.1646 0.941346 0.731071
-0.808144 -5.11888 0.629792 0.558081
-0.766559 -5.09704 0.318238 0.385091
-0.737284 -5.09179 0.00668369 0.212101
-0.724846 -5.0932 -0.30487 0.0391114
-0.728875 -5.09071 -0.616424 -0.133878
-0.744285 -5.07507 -0.927978 -0.306868
-0.762225 -5.04024 -1.23953 -0.479858
-0.772206 -4.98956 -1.50655 -0.556172
-0.767936 -4.93046 -1.77357 -0.632485
-0.745712 -4.8674 -2.04058 -0.708799
-0.703319 -4.80617 -2.3076 -0.785113
-0.640455 -4.75339 -2.57462 -0.861427
-0.559121 -4.71223 -2.76804 -0.96449
-0.461494 -4.68467 -2.96147 -1.06755
-0.352079 -4.67412 -3.12788 -1.13342
-0.232633 -4.65445 -2.83549 -1.29632
-0.109324 -4.5941 -2.54311 -1.45922
0.00329105 -4.48976 -2.25073 -1.62212
0.0893115 -4.34342 -1.95834 -1.78502
0.13338 -4.16274 -1.66596 -1.94791
0.122671 -3.9608 -1.37358 -2.11081
0.0487467 -3.75525 -1.08119 -2.27371
-0.0482458 -3.54956 -1.17912 -2.2763
-0.124751 -3.33513 -1.27704 -2.27888
-0.179987 -3.114 -1.37497 -2.28147
-0.213377 -2.88827 -1.47289 -2.28405
-0.22455 -2.6601 -1.57082 -2.28664
-0.213349 -2.43167 -1.66874 -2.28922
-0.204476 -2.20884 -1.55143 -2.17358
-0.220844 -1.99802 -1.43412 -2.05793
-0.259532 -1.8019 -1.31681 -1.94229
-0.317353 -1.62266 -1.19949 -1.82664
-0.390938 -1.46192 -1.08218 -1.711
-0.476816 -1.32077 -0.96487 -1.59535
-0.554132 -1.17243 -1.21177 -1.75875
-0.596654 -0.993843 -1.45867 -1.92215
-0.594055 -0.793983 -1.70557 -2.08556
-0.554378 -0.588901 -1.81816 -2.09435
-0.491646 -0.388737 -1.93076 -2.10314
-0.406467 -0.196085 -2.04335 -2.11193
-0.299738 -0.013465 -2.15595 -2.12073
-0.17264 0.156711 -2.26854 -2.12952
-0.0404892 0.326979 -2.19339 -2.18218
0.0814122 0.511077 -2.11824 -2.23483
0.191717 0.708403 -2.04309 -2.28749
0.288063 0.918093 -1.96015 -2.32913
0.368123 1.13896 -1.8772 -2.37076
0.430699 1.36971 -1.79426 -2.41239
0.474696 1.60895 -1.71131 -2.45403
0.499131 1.85515 -1.62836 -2.49566
0.503151 2.1067 -1.54542 -2.53729
0.486039 2.36186 -1.46247 -2.57893
0.43068 2.61365 -1.24639 -2.58719
0.322276 2.84846 -1.03031 -2.59545
0.165551 3.05523 -0.814223 -2.60371
0.012462 3.2624 -1.05524 -2.56065
-0.0850993 3.49615 -1.29626 -2.51759
-0.123386 3.7422 -1.53728 -2.47453
-0.102211 3.98599 -1.7783 -2.43147
-0.0248412 4.21361 -2.01932 -2.38841
0.102309 4.41256 -2.26034 -2.34535
0.270162 4.57246 -2.50136 -2.30229
0.4676 4.68553 -2.74238 -2.25923
0.682191 4.74702 -2.9834 -2.21617
0.903398 4.77747 -3.02615 -2.25002
1.12907 4.79875 -3.0689 -2.28387
1.35883 4.81054 -3.11166 -2.31773
1.5797 4.84507 -2.85842 -2.16519
1.77091 4.92778 -2.60518 -2.01266
1.92331 5.0464 -2.35194 -1.86013
2.03188 5.18735 -2.0987 -1.70759
2.09102 5.33622 -1.79283 -1.5088
2.10122 5.47625 -1.48697 -1.31002
2.07342 5.59359 -1.1811 -1.11123
2.02181 5.68016 -0.875231 -0.912442
1.97487 5.74833 -1.06678 -0.745287
1.9484 5.80886 -1.25833 -0.578131
1.93752 5.85703 -1.44988 -0.410975
1.93643 5.8897 -1.64143 -0.243819
1.93882 5.90552 -1.83297 -0.0766637
1.93833 5.90497 -2.02452 0.0904921
1.92902 5.89029 -2.21607 0.257648
1.91546 5.86482 -1.91549 0.321776
1.9088 5.8302 -1.61492 0.385904
1.91337 5.78881 -1.31434 0.450032
1.93252 5.74476 -1.01377 0.51416
1.968 5.7035 -0.71319 0.578287
2.01951 5.67119 -0.412614 0.642415
2.08445 5.65392 -0.112038 0.706543
2.15797 5.65689 0.188538 0.770671
2.2276 5.66288 -0.0241701 0.629535
2.28295 5.65587 -0.236879 0.488398
2.3223 5.64207 -0.449587 0.347262
2.34589 5.6277 -0.662296 0.206126
2.35579 5.61848 -0.875004 0.0649892
2.35569 5.61908 -1.08771 -0.0761472
2.35706 5.61769 -0.862863 0.11457
2.37263 5.60367 -0.638014 0.305287
2.40739 5.58392 -0.413164 0.496004
2.46386 5.56678 -0.188315 0.686721
2.52971 5.55499 -0.165691 0.651286
2.59231 5.54524 -0.143067 0.615851
2.6516 5.53738 -0.120443 0.580417
2.70754 5.53124 -0.097819 0.544982
2.76006 5.52668 -0.0751951 0.509548
2.80915 5.52353 -0.0525711 0.474113
2.85475 5.52165 -0.0299472 0.438679
2.90236 5.51835 -0.106225 0.51615
2.95725 5.51032 -0.182504 0.593621
3.01893 5.49644 -0.258782 0.671092
3.08677 5.47563 -0.335061 0.748562
3.16005 5.44688 -0.411339 0.826033
3.2379 5.40927 -0.487617 0.903504
3.31374 5.36659 -0.53836 0.837244
3.38171 5.32365 -0.589102 0.770983
3.44201 5.28113 -0.639844 0.704722
3.49927 5.23331 -0.749779 0.788029
3.55671 5.1735 -0.859713 0.871337
3.61475 5.10971 -0.805119 0.853759
3.67494 5.05042 -0.750525 0.836181
3.73695 4.99566 -0.695931 0.818603
3.80048 4.94546 -0.641337 0.801025
3.86575 4.90157 -0.542077 0.772729
3.93256 4.8657 -0.442816 0.744433
3.99998 4.83771 -0.343556 0.716136
4.05583 4.80832 -0.638027 0.550665
4.08909 4.77564 -0.932498 0.385193
4.10366 4.74926 -1.22697 0.219721
4.10672 4.73595 -1.52144 0.054249
4.1074 4.73874 -1.81591 -0.111223
4.11516 4.75644 -2.11038 -0.276695
4.13819 4.78388 -2.40485 -0.442167
4.18188 4.81262 -2.69933 -0.607638
4.24782 4.83223 -2.9938 -0.77311
4.31356 4.84982 -2.75592 -0.591259
4.35743 4.87364 -2.51804 -0.409408
4.38109 4.89486 -2.28016 -0.227556
4.38897 4.90598 -2.04228 -0.045705
4.38775 4.90162 -1.8044 0.136146
4.38552 4.87908 -1.56653 0.317998
4.39089 4.83863 -1.32865 0.499849
4.41205 4.78362 -1.09077 0.6817
4.4558 4.72016 -0.85289 0.863552
4.52675 4.65665 -0.615011 1.0454
4.60991 4.5912 -0.71806 1.07208
4.68782 4.51569 -0.821108 1.09876
4.75926 4.43052 -0.924157 1.12545
4.83294 4.34369 -0.810628 1.15336
4.91801 4.26386 -0.6971 1.18128
5.01382 4.1925 -0.583571 1.2092
5.11951 4.13106 -0.470042 1.23712
5.23404 4.08087 -0.356514 1.26503
5.35617 4.04315 -0.242985 1.29295
5.48454 4.01899 -0.129456 1.32087
5.6176 4.00933 -0.0159274 1.34879
5.75369 4.01491 0.0976014 1.37671
5.89102 4.03631 0.21113 1.40462
6.022 4.08002 0.434198 1.36271
6.13649 4.14945 0.657266 1.32079
6.22978 4.23958 0.880335 1.27888
6.29852 4.34462 1.1034 1.23697
6.34087 4.45834 1.32647 1.19505
6.35646 4.57446 1.54954 1.15314
6.34636 4.68699 1.77261 1.11122
6.31289 4.79052 1.99568 1.06931
6.25949 4.88048 2.21874 1.02739
6.1904 4.95337 2.44181 0.985479
6.13155 5.0194 2.14488 0.789955
6.10263 5.08201 1.84794 0.594431
6.0958 5.13102 1.551 0.398908
6.10035 5.16068 1.25407 0.203384
6.10464 5.17031 0.957131 0.00785995
6.09811 5.16416 0.660195 -0.187664
6.08985 5.15865 0.45781 -0.0110998
6.09718 5.16106 0.255425 0.165464
6.12225 5.16465 0.0530398 0.342028
6.14859 5.16239 -0.254044 0.188634
6.15898 5.15833 -0.561128 0.0352387
6.15612 5.16133 -0.868212 -0.118156
6.14632 5.17809 -1.1753 -0.271551
6.13839 5.21187 -1.48238 -0.424946
6.14203 5.2617 -1.78946 -0.578341
6.16613 5.32234 -2.09655 -0.731736
6.21702 5.38474 -2.40363 -0.88513
6.29714 5.43727 -2.71072 -1.03853
6.40409 5.46731 -3.0178 -1.19192
6.51095 5.4931 -2.78546 -1.0116
6.59298 5.53461 -2.55313 -0.831283
6.64954 5.58225 -2.3208 -0.650964
6.68296 5.62713 -2.08846 -0.470646
6.69812 5.66193 -1.85613 -0.290327
6.70183 5.68156 -1.62379 -0.110009
6.70205 5.68356 -1.39146 0.0703099
6.70705 5.66835 -1.15913 0.250629
6.72447 5.63915 -0.926793 0.430947
6.76055 5.60171 -0.694459 0.611266
6.80588 5.56875 -0.558739 0.510436
6.84637 5.54698 -0.423018 0.409607
6.8764 5.52916 -0.661673 0.290548
6.90457 5.51013 -0.532609 0.389769
6.9438 5.49042 -0.403544 0.48899
6.9946 5.47262 -0.274479 0.588211
7.05696 5.45944 -0.145414 0.687431
7.13038 5.4536 -0.0163489 0.786652
7.20288 5.44516 -0.220481 0.675644
7.26895 5.4351 -0.0811833 0.662032
7.33441 5.43433 0.0581146 0.648419
7.398 5.44249 0.197413 0.634807
7.45853 5.45903 0.33671 0.621195
7.51493 5.48328 0.476008 0.607583
7.56625 5.51442 0.615306 0.59397
7.61169 5.55153 0.754604 0.580358
7.65734 5.58568 0.528745 0.562293
7.70783 5.60801 0.302885 0.544228
7.76027 5.61812 0.077026 0.526163
7.81184 5.61631 -0.148833 0.508097
7.85996 5.60345 -0.374693 0.490032
7.90682 5.58447 -0.394894 0.521263
7.95616 5.56331 -0.415094 0.552494
8.00791 5.53987 -0.435295 0.583725
8.062 5.51404 -0.455496 0.614956
8.11834 5.48573 -0.475697 0.646187
8.16822 5.45942 -0.495855 0.481757
8.20318 5.44009 -0.516013 0.317326
8.22353 5.4283 -0.536171 0.152896
8.22958 5.42466 -0.556329 -0.0115344
8.22612 5.42621 -0.335873 -0.0645255
8.21724 5.42814 -0.115418 -0.117517
8.20703 5.42886 -0.0207951 -0.0873656
8.2042 5.42886 0.125781 0.0308952
8.20436 5.42898 -0.113914 -0.0277389
8.20151 5.42924 -0.0694998 -0.0295258
8.19847 5.42938 -0.025086 -0.0313126
8.19542 5.42946 -0.0241249 -0.02967
8.19211 5.42951 -0.0105192 -0.0366095
8.18888 5.42956 -0.0189266 -0.0279463
8.18652 5.42961 -0.027334 -0.0192832
8.18503 5.42966 -0.0357414 -0.01062
8.1844 5.42969 -0.0441488 -0.00195681
8.18463 5.42967 -0.0525561 0.00670637
8.1853 5.42965 -0.0103319 0.00667374
8.18597 5.42966 0.0318923 0.00664112
