-8 -5 0 0
-8.00379 -5.00024 0.096145 -0.0759358
-8.00436 -5.0001 0.317807 0.0652329
-7.99214 -4.99423 0.53947 0.206402
-7.9703 -4.97729 0.761132 0.34757
-7.94366 -4.94517 0.982794 0.488739
-7.91825 -4.89547 1.20446 0.629907
-7.89252 -4.83553 1.12701 0.674935
-7.86014 -4.77378 1.04956 0.719963
-7.82069 -4.7109 0.972107 0.76499
-7.77381 -4.64765 0.894657 0.810018
-7.71923 -4.58481 0.817207 0.855045
-7.65674 -4.52322 0.739757 0.900073
-7.58624 -4.46375 0.662308 0.945101
-7.50769 -4.40729 0.584858 0.990128
-7.42598 -4.36366 0.391742 0.865382
-7.34933 -4.34014 0.198626 0.740636
-7.28198 -4.33304 0.00551006 0.61589
-7.22693 -4.33786 -0.187606 0.491144
-7.18578 -4.34967 -0.380722 0.366398
-7.15872 -4.36344 -0.573838 0.241652
-7.14457 -4.3744 -0.766953 0.116905
-7.14088 -4.37841 -0.960069 -0.00784067
-7.14416 -4.37221 -1.15319 -0.132587
-7.15011 -4.35368 -1.3463 -0.257333
-7.15561 -4.33391 -1.24413 -0.153148
-7.15925 -4.32449 -1.14196 -0.0489626
-7.15903 -4.32473 -1.03979 0.0552225
-7.15305 -4.33364 -0.937624 0.159408
-7.13962 -4.34996 -0.835455 0.263593
-7.11722 -4.37219 -0.733285 0.367778
-7.08459 -4.39858 -0.631116 0.471963
-7.0404 -4.42937 -0.587541 0.605334
-6.98365 -4.46535 -0.543965 0.738706
-6.91382 -4.50547 -0.50039 0.872077
-6.83048 -4.54866 -0.456814 1.00545
-6.73324 -4.5938 -0.413239 1.13882
-6.62179 -4.63974 -0.369664 1.27219
-6.49592 -4.68533 -0.326088 1.40556
-6.35546 -4.7294 -0.282513 1.53893
-6.21034 -4.75 0.00496451 1.40261
-6.07877 -4.73061 0.292442 1.26628
-5.97042 -4.68047 0.57992 1.12996
-5.8909 -4.61065 0.867397 0.99363
-5.84166 -4.53266 1.15487 0.857304
-5.80227 -4.45922 1.00054 0.811153
-5.75483 -4.39639 0.846209 0.765003
-5.70161 -4.3448 0.691876 0.718853
-5.64486 -4.30466 0.537543 0.672703
-5.58675 -4.27578 0.38321 0.626553
-5.52928 -4.25756 0.228877 0.580403
-5.47425 -4.24908 0.0745439 0.534253
-5.42318 -4.24916 -0.079789 0.488102
-5.36974 -4.24518 0.219042 0.587641
-5.31059 -4.22208 0.517873 0.687179
-5.24602 -4.19019 0.401412 0.75391
-5.1719 -4.16378 0.284951 0.820642
-5.08872 -4.14465 0.168489 0.887373
-4.99725 -4.13459 0.0520277 0.954105
-4.89856 -4.13527 -0.0644337 1.02084
-4.794 -4.14823 -0.180895 1.08757
-4.68517 -4.17482 -0.297356 1.1543
-4.57392 -4.21621 -0.413818 1.22103
-4.46229 -4.27327 -0.530279 1.28776
-4.3525 -4.34662 -0.646741 1.35449
-4.23575 -4.42977 -0.591937 1.51261
-4.10126 -4.51486 -0.537133 1.67073
-3.9485 -4.60016 -0.482329 1.82885
-3.77711 -4.68392 -0.427526 1.98697
-3.58682 -4.76432 -0.372722 2.14509
-3.37753 -4.83953 -0.317918 2.30321
-3.1493 -4.9077 -0.263114 2.46133
-2.9023 -4.96695 -0.208311 2.61945
-2.63687 -5.01542 -0.153507 2.77757
-2.3535 -5.05127 -0.0987031 2.93569
-2.07431 -5.11086 -0.32381 2.78606
-1.82899 -5.22496 -0.548917 2.63643
-1.6058 -5.34993 -0.471177 2.48082
-1.3877 -5.45067 -0.393437 2.32521
-1.17703 -5.52877 -0.315697 2.1696
-0.975889 -5.58603 -0.237958 2.014
-0.786798 -5.62504 -0.167995 1.84827
-0.611866 -5.64855 -0.098033 1.68254
-0.452255 -5.65872 -0.0280707 1.51681
-0.308892 -5.65783 0.0418915 1.35108
-0.171707 -5.63652 0.264165 1.43125
-0.0351503 -5.58256 0.486438 1.51142
0.0927653 -5.49532 0.708712 1.59158
0.222885 -5.41418 0.402964 1.48728
0.361326 -5.37855 0.0972166 1.38298
0.4937 -5.38566 -0.208531 1.27867
0.608077 -5.42861 -0.514279 1.17437
0.696057 -5.49757 -0.820026 1.07006
0.75328 -5.57731 -1.08436 0.898617
0.781752 -5.6532 -1.34869 0.72717
0.787872 -5.71686 -1.61302 0.555723
0.780112 -5.76308 -1.87736 0.384276
0.769119 -5.79441 -1.94256 0.27987
0.760216 -5.81536 -2.00776 0.175465
0.75469 -5.82638 -2.07296 0.0710597
0.755609 -5.82377 -1.92456 -0.126081
0.761568 -5.80213 -1.77615 -0.323222
0.766837 -5.76032 -1.62774 -0.520363
0.765526 -5.6985 -1.47934 -0.717505
0.751841 -5.61812 -1.33093 -0.914646
0.720336 -5.52192 -1.18252 -1.11179
0.666166 -5.41381 -1.03412 -1.30893
0.585308 -5.29876 -0.885711 -1.50607
0.4921 -5.17374 -0.97359 -1.61379
0.404565 -5.03186 -1.06147 -1.7215
0.324988 -4.87322 -1.14935 -1.82922
0.255672 -4.6982 -1.23723 -1.93694
0.198909 -4.50745 -1.3251 -2.04466
0.156948 -4.3019 -1.41298 -2.15238
0.123003 -4.08272 -1.42122 -2.28353
0.0889628 -3.85029 -1.42946 -2.41469
0.0550449 -3.60459 -1.4377 -2.54585
0.0214655 -3.34562 -1.44594 -2.677
-0.011559 -3.07336 -1.45418 -2.80816
-0.0438118 -2.7878 -1.46241 -2.93932
-0.0870141 -2.5036 -1.37683 -2.81183
-0.151362 -2.23651 -1.29125 -2.68433
-0.234266 -1.988 -1.20567 -2.55684
-0.333052 -1.75918 -1.12009 -2.42935
-0.43816 -1.53229 -1.15355 -2.57201
-0.541181 -1.28887 -1.18701 -2.71467
-0.64112 -1.02882 -1.22047 -2.85732
-0.736975 -0.752104 -1.25393 -2.99998
-0.797047 -0.468472 -1.47262 -2.81005
-0.794365 -0.197518 -1.69132 -2.62011
-0.73728 0.0479424 -1.91002 -2.43017
-0.636521 0.258091 -2.12871 -2.24023
-0.5043 0.426484 -2.34741 -2.0503
-0.353376 0.550189 -2.5661 -1.86036
-0.196142 0.629685 -2.7848 -1.67042
-0.0437837 0.668531 -3.00349 -1.48049
0.0998399 0.682992 -3.07963 -1.40721
0.240373 0.707773 -2.85566 -1.45279
0.376086 0.76491 -2.63169 -1.49837
0.499415 0.853412 -2.40772 -1.54396
0.603024 0.970501 -2.18375 -1.58954
0.680225 1.11167 -1.95978 -1.63512
0.725388 1.27083 -1.73581 -1.6807
0.734314 1.44059 -1.51184 -1.72629
0.704539 1.61257 -1.28787 -1.77187
0.63556 1.77785 -1.0639 -1.81745
0.548212 1.92952 -1.03229 -1.68332
0.463172 2.06696 -1.00068 -1.54919
0.381248 2.19047 -0.96907 -1.41507
0.303228 2.30039 -0.937459 -1.28094
0.22988 2.3971 -0.905848 -1.14681
0.161953 2.48103 -0.874236 -1.01268
0.100462 2.56033 -0.948516 -0.994844
0.0460111 2.6425 -1.0228 -0.977007
-0.00132018 2.72692 -1.09708 -0.95917
-0.0415017 2.81301 -1.17136 -0.941333
-0.0745518 2.90018 -1.24563 -0.923497
-0.100536 2.98784 -1.31991 -0.90566
-0.119563 3.07545 -1.39419 -0.887823
-0.131789 3.16247 -1.46847 -0.869986
-0.137408 3.24837 -1.54275 -0.85215
-0.12647 3.33493 -1.84747 -0.899575
-0.0881013 3.41852 -2.15219 -0.947
-0.0232586 3.49025 -2.4569 -0.994425
0.0641888 3.54162 -2.76162 -1.04185
0.167623 3.56546 -3.06634 -1.08928
0.265928 3.58445 -2.8283 -0.917928
0.341461 3.61893 -2.59027 -0.746581
0.393339 3.65963 -2.35223 -0.575234
0.433422 3.69851 -2.39092 -0.541732
0.472486 3.73358 -2.4296 -0.508231
0.510299 3.76497 -2.46828 -0.474729
0.546639 3.79284 -2.50696 -0.441228
0.573567 3.81725 -2.28789 -0.287135
0.585767 3.83431 -2.06882 -0.133041
0.596281 3.85374 -2.06495 -0.308964
0.615034 3.88873 -2.06108 -0.484886
0.641905 3.93932 -2.05721 -0.660808
0.676773 4.00558 -2.05333 -0.836731
0.719518 4.08758 -2.04946 -1.01265
0.761144 4.17975 -1.94048 -1.01107
0.792448 4.27575 -1.8315 -1.00948
0.813093 4.37444 -1.72252 -1.0079
0.822868 4.47462 -1.61355 -1.00631
0.821689 4.57512 -1.50457 -1.00473
0.807133 4.67065 -1.33241 -0.930351
0.778796 4.75523 -1.16026 -0.855976
0.739927 4.82718 -0.988108 -0.781602
0.693912 4.88558 -0.815955 -0.707227
0.64411 4.93028 -0.643802 -0.632852
0.596591 4.96841 -0.709415 -0.585867
0.555136 5.0064 -0.775028 -0.538883
0.519507 5.04363 -0.84064 -0.491898
0.489412 5.07951 -0.906253 -0.444913
0.464509 5.1135 -0.971866 -0.397928
0.444407 5.14508 -1.03748 -0.350944
0.428674 5.17379 -1.10309 -0.303959
0.416836 5.19921 -1.1687 -0.256974
0.408957 5.21816 -1.1862 -0.15345
0.40521 5.22761 -1.20371 -0.0499259
0.407816 5.22351 -0.966205 0.147028
0.42432 5.20541 -0.728704 0.343982
0.460725 5.18044 -0.491204 0.540936
0.504439 5.14738 -0.802025 0.559626
0.537019 5.10102 -1.11285 0.578317
0.554411 5.04513 -1.42367 0.597007
0.553863 4.98474 -1.73449 0.615698
0.553712 4.91704 -1.42139 0.743822
0.578265 4.84042 -1.10829 0.871946
0.632628 4.76469 -0.795192 1.00007
0.717918 4.70179 -0.482093 1.12819
0.830528 4.66413 -0.168994 1.25632
0.962021 4.66282 0.144105 1.38444
1.10434 4.68721 0.194661 1.50379
1.2569 4.72137 0.245217 1.62315
1.41903 4.76638 0.295773 1.7425
1.59 4.82329 0.346329 1.86185
1.769 4.8931 0.396884 1.9812
1.95513 4.97676 0.44744 2.10055
2.14742 5.07515 0.497996 2.2199
2.34483 5.1891 0.548552 2.33925
2.54625 5.31936 0.599107 2.4586
2.75616 5.43424 0.400721 2.33509
2.97282 5.50184 0.202335 2.21157
3.18629 5.52414 0.00394848 2.08805
3.38769 5.5051 -0.194438 1.96453
3.56958 5.45032 -0.392824 1.84101
3.72624 5.36658 -0.59121 1.71749
3.86817 5.2831 -0.470452 1.57776
4.00632 5.22289 -0.349694 1.43803
4.13733 5.18375 -0.228936 1.29829
4.25833 5.16301 -0.108178 1.15856
4.36701 5.15767 0.0125804 1.01883
4.4616 5.16445 0.133339 0.879097
4.54099 5.17988 0.254097 0.739365
4.60466 5.20044 0.374855 0.599632
4.65273 5.22263 0.495613 0.4599
4.68591 5.24309 0.616371 0.320167
4.70387 5.25704 0.718513 0.134872
4.71067 5.26283 0.686924 0.0438435
4.71053 5.26275 0.655334 -0.047185
4.71462 5.26557 0.593734 0.146604
4.73526 5.27848 0.532133 0.340392
4.77365 5.29941 0.470532 0.534181
4.83079 5.32618 0.408932 0.727969
4.90747 5.35653 0.347331 0.921758
5.00429 5.38814 0.285731 1.11555
5.12162 5.41862 0.22413 1.30933
5.25962 5.44553 0.162529 1.50312
5.41823 5.46645 0.100929 1.69691
5.58937 5.46743 -0.0887721 1.73122
5.761 5.4355 -0.278473 1.76552
5.92672 5.37053 -0.468174 1.79983
6.09207 5.29933 -0.345111 1.80294
6.26521 5.24888 -0.222049 1.80606
6.44353 5.22001 -0.0989867 1.80918
6.6244 5.22473 0.150983 1.81896
6.79943 5.27432 0.400952 1.82874
6.95759 5.36615 0.650921 1.83852
7.11039 5.45228 0.371468 1.68113
7.26576 5.48932 0.0920143 1.52373
7.40965 5.48282 -0.187439 1.36634
7.5313 5.44192 -0.466893 1.20895
7.62407 5.37799 -0.746346 1.05156
7.68568 5.30311 -1.0258 0.894163
7.71807 5.22856 -1.30525 0.736771
7.72666 5.16353 -1.58471 0.579378
7.71969 5.11384 -1.84906 0.42711
7.70603 5.08161 -2.1134 0.274841
7.68388 5.05507 -2.39881 0.41893
7.64331 5.02772 -2.68422 0.563018
7.58302 5.00845 -2.96963 0.707107
7.51854 4.99154 -2.79722 0.627818
7.46511 4.96713 -2.62481 0.548529
7.42318 4.9384 -2.4524 0.46924
7.39246 4.90845 -2.27999 0.38995
7.37195 4.8801 -2.10758 0.310661
7.36006 4.85578 -1.93517 0.231372
7.35469 4.8374 -1.76276 0.152083
7.3537 4.82957 -1.5743 0.00598621
7.35366 4.83397 -1.55714 -0.0939557
7.35333 4.84835 -1.53999 -0.193898
7.35235 4.87272 -1.52283 -0.293839
7.35039 4.90705 -1.50567 -0.393781
7.34711 4.9513 -1.48852 -0.493723
7.34216 5.00544 -1.47136 -0.593665
7.33521 5.06943 -1.4542 -0.693607
7.32591 5.1432 -1.43704 -0.793549
7.31393 5.2267 -1.41989 -0.893491
7.29894 5.31984 -1.40273 -0.993433
7.28917 5.41252 -1.53168 -0.87157
7.29109 5.4935 -1.66063 -0.749708
7.30154 5.56153 -1.78958 -0.627845
7.31725 5.61596 -1.91853 -0.505983
7.33495 5.65677 -2.04747 -0.38412
7.35147 5.68451 -2.17642 -0.262258
7.36387 5.70036 -2.30537 -0.140395
7.36985 5.70703 -2.29842 -0.0387312
7.37481 5.71466 -2.04459 -0.143772
7.38126 5.73315 -1.79075 -0.248812
7.38383 5.76309 -1.53692 -0.353852
7.38366 5.78878 -1.59918 -0.160061
7.38393 5.79509 -1.66145 0.0337295
7.38225 5.78214 -1.72371 0.22752
7.37621 5.75027 -1.78597 0.421311
7.36972 5.69943 -1.61961 0.604943
7.37236 5.62988 -1.45324 0.788575
7.39015 5.54376 -1.28688 0.972207
7.42853 5.44465 -1.12052 1.15584
7.49212 5.33748 -0.954156 1.33947
7.57262 5.24204 -0.78188 1.16076
7.6546 5.17326 -0.609603 0.982054
7.73169 5.12846 -0.437326 0.803346
7.79856 5.10369 -0.26505 0.624637
7.85112 5.09392 -0.0927734 0.445929
7.88673 5.09343 0.0795032 0.267221
7.9043 5.09611 0.25178 0.0885129
7.9043 5.09584 0.424056 -0.0901953
7.89668 5.09299 0.285702 -0.0727527
7.89043 5.0916 0.147347 -0.0553101
7.88579 5.09121 0.00899213 -0.0378675
7.88272 5.09121 -0.0104234 -0.0235894
7.88108 5.09124 -0.029839 -0.00931122
7.88085 5.09125 -0.029135 0.0047567
7.8815 5.09124 -0.012234 0.00830283
7.88251 5.09123 0.00466706 0.0118489
7.88367 5.09123 -0.0045701 0.0113449
7.88439 5.09123 -0.00638982 0.0030158
7.88427 5.09123 -0.00820953 -0.00531332
7.88436 5.09123 0.000585113 0.0070534
7.88506 5.09123 0.000988259 0.00688365
7.88574 5.09123 0.0013914 0.0067139
7.8864 5.09123 0.00179455 0.00654416
7.88704 5.09124 0.0021977 0.00637441
7.88767 5.09124 0.00260084 0.00620466
7.88829 5.09124 0.00300399 0.00603492
