-8 -5 0 0 
-7.99473 -4.99999 0.00278197 0.105353 
-7.97893 -4.99992 0.00556395 0.210707 
-7.95259 -4.99974 0.00834592 0.31606 
-7.91572 -4.99937 0.0111279 0.421414 
-7.86831 -4.99878 0.0139099 0.526767 
-7.81038 -4.99789 0.0166918 0.63212 
-7.74191 -4.99665 0.0194738 0.737474 
-7.66291 -4.995 0.0222558 0.842827 
-7.57339 -4.99288 0.0250378 0.948181 
-7.47333 -4.99023 0.0278197 1.05353 
-7.37374 -4.99188 -0.0625847 0.939252 
-7.28606 -5.00128 -0.152989 0.82497 
-7.21079 -5.01631 -0.243393 0.710688 
-7.14814 -5.03482 -0.333798 0.596405 
-7.09802 -5.05468 -0.424202 0.482123 
-7.0601 -5.07382 -0.514607 0.367841 
-7.02563 -5.09119 -0.420185 0.404404 
-6.98612 -5.10781 -0.377087 0.452941 
-6.94138 -5.1244 -0.333988 0.501478 
-6.89135 -5.14055 -0.29089 0.550016 
-6.83599 -5.15581 -0.247792 0.598553 
-6.77529 -5.16976 -0.204693 0.647091 
-6.70928 -5.18197 -0.161595 0.695628 
-6.63203 -5.19752 -0.232938 0.88069 
-6.53825 -5.22345 -0.304282 1.06575 
-6.42439 -5.24018 0.00455966 1.24507 
-6.2932 -5.21868 0.313401 1.42438 
-6.1588 -5.15026 0.622243 1.60369 
-6.01824 -5.05827 0.538063 1.75709 
-5.85695 -4.97112 0.453882 1.9105 
-5.67486 -4.89171 0.369702 2.0639 
-5.47221 -4.82295 0.285522 2.2173 
-5.24961 -4.76778 0.201342 2.3707 
-5.00802 -4.72908 0.117162 2.5241 
-4.74874 -4.70969 0.0329822 2.67751 
-4.47342 -4.7123 -0.0511978 2.83091 
-4.19667 -4.71366 0.0421331 2.70615 
-3.93342 -4.69032 0.135464 2.58138 
-3.68576 -4.6448 0.228795 2.45662 
-3.45542 -4.5798 0.322126 2.33186 
-3.24377 -4.49811 0.415457 2.2071 
-3.03871 -4.40309 0.452059 2.31331 
-2.82703 -4.32085 0.288098 2.2335 
-2.61258 -4.2759 0.124136 2.15369 
-2.40163 -4.2669 -0.0398256 2.07388 
-2.19995 -4.29147 -0.203787 1.99407 
-2.01264 -4.34639 -0.367749 1.91426 
-1.84398 -4.42769 -0.531711 1.83445 
-1.69738 -4.53083 -0.695672 1.75464 
-1.57525 -4.65092 -0.859634 1.67483 
-1.47906 -4.7829 -1.0236 1.59502 
-1.40493 -4.91426 -1.09179 1.42232 
-1.34735 -5.03479 -1.15998 1.24963 
-1.30448 -5.1429 -1.22818 1.07693 
-1.27431 -5.23723 -1.29637 0.90423 
-1.25475 -5.31663 -1.36456 0.731532 
-1.24361 -5.38017 -1.43276 0.558835 
-1.23861 -5.42714 -1.50095 0.386137 
-1.23744 -5.45709 -1.56914 0.213439 
-1.23775 -5.4698 -1.63734 0.0407417 
-1.23771 -5.47665 -1.51004 0.096333 
-1.23611 -5.48895 -1.38275 0.151924 
-1.23158 -5.50633 -1.25546 0.207516 
-1.22283 -5.52815 -1.12816 0.263107 
-1.20868 -5.55355 -1.00087 0.318698 
-1.18813 -5.58142 -0.873577 0.37429 
-1.16038 -5.61048 -0.746284 0.429881 
-1.12486 -5.63928 -0.618991 0.485472 
-1.08124 -5.66628 -0.491697 0.541064 
-1.02357 -5.6879 -0.236217 0.694229 
-0.947112 -5.6959 0.0192632 0.847395 
-0.856007 -5.68208 0.274744 1.00056 
-0.757296 -5.6397 0.530224 1.15373 
-0.665438 -5.57935 0.634018 1.04544 
-0.588703 -5.51667 0.737812 0.937151 
-0.526496 -5.45405 0.841606 0.828863 
-0.477894 -5.39377 0.9454 0.720575 
-0.441673 -5.33786 1.04919 0.612288 
-0.416338 -5.28816 1.15299 0.504 
-0.400162 -5.2462 1.25678 0.395713 
-0.386111 -5.20742 1.19048 0.42938 
-0.368169 -5.16658 1.12418 0.463048 
-0.346006 -5.12402 1.05788 0.496716 
-0.319325 -5.08015 0.991573 0.530384 
-0.287861 -5.0354 0.925271 0.564052 
-0.251387 -4.9902 0.858968 0.597719 
-0.209717 -4.94504 0.792666 0.631387 
-0.162706 -4.90043 0.726363 0.665055 
-0.10995 -4.85022 0.793172 0.791906 
-0.0520722 -4.78726 0.859981 0.918757 
0.00942231 -4.7107 0.92679 1.04561 
0.0729403 -4.61981 0.993599 1.17246 
0.136811 -4.51403 1.06041 1.29931 
0.1993 -4.39296 1.12722 1.42616 
0.258624 -4.25635 1.19403 1.55301 
0.312967 -4.10415 1.26083 1.67986 
0.36049 -3.93646 1.32764 1.80672 
0.376695 -3.75574 1.63425 1.83638 
0.336964 -3.57568 1.94085 1.86604 
0.243262 -3.41344 2.24746 1.8957 
0.102783 -3.28506 2.55407 1.92537 
-0.0725745 -3.20382 2.86067 1.95503 
-0.240697 -3.12588 2.54903 1.76621 
-0.363044 -3.01294 2.23739 1.5774 
-0.435674 -2.88433 1.92575 1.38858 
-0.461652 -2.75808 1.61412 1.19977 
-0.449779 -2.64863 1.30248 1.01096 
-0.412658 -2.56523 0.990837 0.822141 
-0.364375 -2.51118 0.679199 0.633327 
-0.318131 -2.48393 0.36756 0.444513 
-0.284143 -2.47612 0.0559208 0.255698 
-0.268111 -2.47723 -0.255718 0.066884 
-0.255928 -2.48 -0.199071 0.182975 
-0.232171 -2.48404 -0.142424 0.299066 
-0.19669 -2.48805 -0.0857774 0.415157 
-0.149451 -2.49071 -0.0291305 0.531247 
-0.09053 -2.4907 0.0275164 0.647338 
-0.0250626 -2.4795 0.308834 0.68544 
0.0381407 -2.44891 0.590152 0.723541 
0.0931949 -2.39944 0.87147 0.761643 
0.134364 -2.33341 1.15279 0.799744 
0.156624 -2.25489 1.43411 0.837846 
0.156196 -2.16949 1.71542 0.875947 
0.131005 -2.08391 1.99674 0.914049 
0.0886934 -2.00024 2.0805 0.961751 
0.0370313 -1.91634 2.16425 1.00945 
-0.0242989 -1.83322 2.24801 1.05716 
-0.0955092 -1.75193 2.33177 1.10486 
-0.176701 -1.67357 2.41552 1.15256 
-0.267859 -1.59926 2.49928 1.20026 
-0.368849 -1.53014 2.58303 1.24797 
-0.479413 -1.46736 2.66679 1.29567 
-0.586007 -1.40043 2.49331 1.22486 
-0.6742 -1.32084 2.31982 1.15406 
-0.742983 -1.23279 2.14634 1.08325 
-0.792216 -1.14044 1.97286 1.01244 
-0.822575 -1.0477 1.79938 0.941638 
-0.835471 -0.958118 1.62589 0.870832 
-0.832933 -0.874719 1.45241 0.800026 
-0.817478 -0.799932 1.27893 0.729221 
-0.793962 -0.736096 1.15378 0.632273 
-0.767132 -0.684289 1.02863 0.535326 
-0.739553 -0.644207 0.903485 0.438378 
-0.713647 -0.615101 0.778338 0.341431 
-0.691622 -0.595813 0.65319 0.244483 
-0.675408 -0.584821 0.528043 0.147536 
-0.658588 -0.577608 0.297296 0.219308 
-0.63352 -0.573136 0.066549 0.291081 
-0.599602 -0.56569 0.350088 0.405751 
-0.559047 -0.543655 0.633627 0.520421 
-0.518114 -0.503155 0.917166 0.635091 
-0.484548 -0.442856 1.2007 0.749761 
-0.466605 -0.364443 1.48424 0.864431 
-0.471945 -0.27273 1.76778 0.9791 
-0.506527 -0.175394 2.05132 1.09377 
-0.541357 -0.0726216 1.74338 1.0851 
-0.543383 0.0350094 1.43544 1.07643 
-0.512937 0.137364 1.1275 1.06776 
-0.453386 0.224962 0.819558 1.05909 
-0.370765 0.289855 0.511617 1.05042 
-0.27317 0.326352 0.203675 1.04175 
-0.177925 0.344363 0.169257 0.897002 
-0.0964238 0.356894 0.134838 0.752249 
-0.0289145 0.364913 0.10042 0.607497 
0.0244063 0.369402 0.0660009 0.462744 
0.0633926 0.371347 0.0315823 0.317992 
0.100037 0.375534 0.188676 0.420421 
0.145445 0.388104 0.345769 0.52285 
0.197651 0.411836 0.502863 0.62528 
0.254054 0.449063 0.659956 0.727709 
0.311504 0.501544 0.817049 0.830139 
0.366432 0.570354 0.974143 0.932568 
0.414986 0.655799 1.13124 1.035 
0.453189 0.757362 1.28833 1.13743 
0.475096 0.871957 1.47384 1.19934 
0.475517 0.994809 1.65935 1.26124 
0.465835 1.11834 1.63855 1.21704 
0.458978 1.23764 1.61775 1.17284 
0.454765 1.35263 1.59695 1.12865 
0.453014 1.46327 1.57616 1.08445 
0.453542 1.5695 1.55536 1.04025 
0.456164 1.67128 1.53456 0.996047 
0.460697 1.76857 1.51376 0.951848 
0.466954 1.86133 1.49296 0.907649 
0.474749 1.94954 1.47217 0.86345 
0.470717 2.0413 1.75141 0.979411 
0.437911 2.13936 2.03065 1.09537 
0.372828 2.23412 2.30989 1.21134 
0.275246 2.31465 2.58912 1.3273 
0.160799 2.37688 2.69877 1.27937 
0.0446647 2.42439 2.80841 1.23145 
-0.0713662 2.4576 2.91805 1.18353 
-0.185612 2.4771 3.02769 1.13561 
-0.296524 2.4837 3.13734 1.08768 
-0.403522 2.49405 2.9524 1.06532 
-0.504647 2.52328 2.76747 1.04295 
-0.596678 2.56959 2.58254 1.02058 
-0.676848 2.63069 2.3976 0.998209 
-0.74292 2.70382 2.21267 0.975841 
-0.79325 2.78596 2.02774 0.953472 
-0.826823 2.87386 1.8428 0.931103 
-0.843261 2.96424 1.65787 0.908734 
-0.848927 3.06046 1.6024 1.0194 
-0.849291 3.16792 1.54693 1.13007 
-0.843126 3.28629 1.49145 1.24073 
-0.829225 3.41513 1.43598 1.3514 
-0.806412 3.55392 1.38051 1.46207 
-0.773545 3.70204 1.32504 1.57273 
-0.729528 3.85876 1.26957 1.6834 
-0.673315 4.02327 1.2141 1.79406 
-0.603917 4.19467 1.15862 1.90473 
-0.524487 4.36406 1.10566 1.83732 
-0.43911 4.52265 1.04788 1.76558 
-0.348475 4.66995 0.9901 1.69385 
-0.253593 4.80589 0.932319 1.62212 
-0.166804 4.93228 1.00726 1.44498 
-0.0986143 5.0495 1.08221 1.26784 
-0.0342868 5.15031 0.920338 1.12661 
0.0360256 5.22895 0.75847 0.985388 
0.1071 5.28638 0.596601 0.84416 
0.174229 5.32465 0.434733 0.702933 
0.233414 5.34671 0.272865 0.561706 
0.281532 5.35625 0.110997 0.420479 
0.33196 5.36555 0.245425 0.605832 
0.398311 5.38721 0.379853 0.791186 
0.477861 5.42558 0.514281 0.97654 
0.567028 5.48444 0.648709 1.16189 
0.661476 5.56688 0.783137 1.34725 
0.768342 5.65887 0.640487 1.47525 
0.897974 5.74162 0.497836 1.60325 
1.0497 5.8104 0.355185 1.73126 
1.22193 5.86049 0.212535 1.85926 
1.41221 5.88738 0.0698842 1.98726 
1.61716 5.88694 -0.0727665 2.11526 
1.82614 5.88325 0.0379256 2.06717 
2.02946 5.90223 0.148618 2.01907 
2.22474 5.94257 0.25931 1.97097 
2.41967 5.97753 0.0959198 1.99416 
2.62 5.98035 -0.0674704 2.01734 
2.82041 5.9502 -0.230861 2.04053 
3.01545 5.88714 -0.394251 2.06372 
3.1997 5.79213 -0.557641 2.0869 
3.36754 5.67842 -0.633996 1.96866 
3.51697 5.5596 -0.710352 1.85041 
3.64823 5.43778 -0.786708 1.73216 
3.7618 5.31498 -0.863063 1.61391 
3.85833 5.19315 -0.939419 1.49566 
3.94263 5.07888 -0.930801 1.34434 
4.01882 4.97744 -0.922184 1.19302 
4.08669 4.88868 -0.913566 1.04169 
4.14603 4.81245 -0.904948 0.890372 
4.19663 4.74859 -0.896331 0.739049 
4.23827 4.69695 -0.887713 0.587726 
4.27075 4.65737 -0.879095 0.436403 
4.29387 4.62968 -0.870478 0.28508 
4.3194 4.60714 -0.591683 0.398173 
4.36028 4.58756 -0.312889 0.511266 
4.41607 4.57805 -0.0340951 0.624359 
4.48354 4.58545 0.244699 0.737452 
4.55682 4.61535 0.523493 0.850545 
4.62792 4.67119 0.802288 0.963638 
4.68755 4.75357 1.08108 1.07673 
4.74765 4.8495 0.943435 1.18916 
4.82755 4.9449 0.805788 1.30158 
4.9281 5.03598 0.668141 1.41401 
5.04948 5.11874 0.530494 1.52643 
5.19112 5.18907 0.392847 1.63886 
5.35172 5.24287 0.2552 1.75128 
5.52922 5.27621 0.117553 1.86371 
5.72084 5.28543 -0.0200941 1.97613 
5.9231 5.26727 -0.157741 2.08856 
6.1319 5.219 -0.295388 2.20098 
6.34073 5.16781 -0.184543 2.10142 
6.54407 5.14132 -0.0736988 2.00186 
6.73915 5.13766 0.0371458 1.9023 
6.92352 5.15468 0.14799 1.80274 
7.09513 5.18999 0.258835 1.70317 
7.25232 5.24098 0.36968 1.60361 
7.39384 5.30495 0.480524 1.50405 
7.51886 5.37909 0.591369 1.40449 
7.63702 5.44485 0.422222 1.3033 
7.75503 5.48644 0.253075 1.2021 
7.86839 5.50586 0.0839283 1.10091 
7.9733 5.50594 -0.0852186 0.99972 
8.06676 5.49006 -0.254365 0.898528 
8.14668 5.46204 -0.423512 0.797336 
8.21191 5.42588 -0.592659 0.696143 
8.26225 5.38558 -0.761806 0.594951 
8.29839 5.34496 -0.930953 0.493759 
8.32324 5.30735 -1.04655 0.40838 
8.33975 5.27474 -1.16215 0.323002 
8.34945 5.24846 -1.27774 0.237623 
8.35407 5.22953 -1.39334 0.152244 
8.35546 5.21867 -1.50893 0.0668654 
8.35556 5.21625 -1.62453 -0.0185133 
8.35453 5.21059 -1.7994 0.133633 
8.34781 5.19076 -1.97428 0.28578 
8.33057 5.15899 -2.14915 0.437927 
8.29869 5.11875 -2.32403 0.590073 
8.25264 5.08016 -2.5624 0.614421 
8.19661 5.05245 -2.80077 0.638769 
8.13325 5.03822 -3.03914 0.663117 
8.06112 5.02887 -2.98759 0.791671 
7.97692 5.01351 -2.93605 0.920225 
7.88112 4.99089 -2.8845 1.04878 
7.79023 4.95303 -2.60367 0.926902 
7.72284 4.89909 -2.32284 0.805025 
7.68003 4.83854 -2.04201 0.683149 
7.65961 4.77998 -1.76117 0.561272 
7.65684 4.73018 -1.48034 0.439395 
7.66519 4.6934 -1.19951 0.317519 
7.67747 4.67096 -0.918679 0.195642 
7.68683 4.66133 -0.637847 0.0737656 
7.68782 4.66047 -0.357015 -0.048111 