-1.5708 0 
-1.58357 -0.253435 
-1.62066 -0.482217 
-1.67845 -0.664158 
-1.75134 -0.781897 
-1.8084 -0.350127 
-1.82026 0.114845 
-1.78579 0.568955 
-1.70828 0.968862 
-1.59515 1.27534 
-1.45736 1.45791 
-1.30827 1.49982 
-1.1621 1.40099 
-1.02923 1.23713 
-0.918132 0.969791 
-0.837788 0.626982 
-0.794261 0.238382 
-0.790669 -0.166964 
-0.827264 -0.56062 
-0.901442 -0.913703 
-1.03592 -1.75786 
-1.24806 -2.45342 
-1.498 -2.50523 
-1.741 -2.31518 
-1.95362 -1.90378 
-2.116 -1.3201 
-2.21395 -0.625574 
-2.23791 0.149533 
-2.18443 0.913019 
-2.05775 1.6029 
-1.86848 2.15398 
-1.63366 2.50471 
-1.37565 2.61335 
-1.1193 2.47386 
-0.886589 2.14835 
-0.69507 1.65982 
-0.55812 1.06611 
-0.483717 0.41593 
-0.475577 -0.253739 
-0.534079 -0.91169 
-0.656378 -1.52312 
-0.855664 -2.44036 
-1.1384 -3.17566 
-1.48142 -3.6306 
-1.85283 -3.73722 
-2.20571 -3.26894 
-2.49803 -2.5436 
-2.70939 -1.66611 
-2.82891 -0.717181 
-2.8389 0.517777 
-2.72589 1.73616 
-2.49405 2.8816 
-2.15533 3.85266 
-1.73399 4.51031 
-1.27322 4.63016 
-0.82222 4.32626 
-0.418268 3.71468 
-0.0817938 3.00142 
0.157208 1.78033 
0.275079 0.58132 
0.273957 -0.603818 
0.154464 -1.7903 
-0.0641051 -2.58283 
-0.361464 -3.35428 
-0.729243 -3.97034 
-1.15527 -4.49424 
-1.61481 -4.62288 
-2.06498 -4.30983 
-2.46448 -3.63035 
-2.78357 -2.72584 
-3.00642 -1.72254 
-3.12724 -0.692303 
-3.13354 0.566188 
-3.01405 1.82249 
-2.76991 3.05065 
-2.40676 4.1815 
-1.94282 5.03535 
-1.41483 5.43914 
-0.872218 5.33279 
-0.36144 4.83489 
0.0891112 4.16643 
0.463197 3.33214 
0.756864 2.56877 
0.982656 1.97528 
1.15728 1.54217 
1.29571 1.24779 
1.40717 0.999143 
1.49034 0.677728 
1.54493 0.423057 
1.57634 0.210202 
1.58767 0.0181348 