-1.5708 0 
-1.55889 0.236095 
-1.52435 0.449222 
-1.47051 0.618704 
-1.41153 0.551223 
-1.36204 0.430774 
-1.32675 0.269288 
-1.29712 0.318574 
-1.26403 0.338016 
-1.23057 0.326096 
-1.20279 0.225159 
-1.18622 0.10375 
-1.18236 -0.0270351 
-1.20346 -0.391752 
-1.25951 -0.720761 
-1.34537 -0.982855 
-1.46785 -1.44684 
-1.63006 -1.7709 
-1.81628 -1.92344 
-2.00869 -1.89502 
-2.18971 -1.69974 
-2.34412 -1.36923 
-2.46034 -0.942433 
-2.53066 -0.456938 
-2.55087 0.0546007 
-2.48998 1.15744 
-2.32172 2.18946 
-2.05736 3.06258 
-1.71802 3.67154 
-1.3348 3.93039 
-0.944286 3.82212 
-0.580421 3.41426 
-0.267575 2.8218 
-0.0185738 2.15257 
0.162736 1.47587 
0.277334 0.820231 
0.327493 0.185407