-1.5708 0 
-1.57086 -0.00134149 
-1.57106 -0.00255246 
-1.57137 -0.00351507 
-1.57175 -0.00413566 
-1.57218 -0.00435385 
-1.56382 0.170269 
-1.53868 0.328326 
-1.49922 0.45446 
-1.44926 0.536502 
-1.39365 0.566746 
-1.33219 0.652674 
-1.2859 0.265787 
-1.27986 -0.145996 
-1.31464 -0.544126 
-1.38697 -0.890916 
-1.48997 -1.1524 
-1.61372 -1.3022 
-1.74618 -1.3256 
-1.87459 -1.22213 
-1.97958 -0.861499 
-2.04431 -0.423614 
-2.06307 0.051193 
-2.03422 0.521579 
-1.96028 0.946287 
-1.84782 1.2855 
-1.7072 1.50428 
-1.53813 1.84961 
-1.34328 2.01561 
-1.14138 1.99121 
-0.950931 1.79085 
-0.787964 1.44813 
-0.664665 1.00448 
-0.609371 0.0960536 
-0.645637 -0.817916 
-0.771322 -1.68246 
-0.978266 -2.43053 
-1.25084 -2.98097 
-1.56527 -3.25702 
-1.89996 -3.3829 
-2.23149 -3.19996 
-2.53174 -2.77133 
-2.78054 -2.18587 
-2.96633 -1.52205 
-3.08403 -0.8298 
-3.13211 -0.131458 
-3.11032 0.567231 
-3.01874 1.26321 
-2.85822 1.94193 
-2.60959 3.01477 
-2.2557 4.02572 
-1.81463 4.73151 
-1.32419 4.99747 
-0.830717 4.80133 
-0.375407 4.263 
0.0167047 3.56806 
0.338275 2.87278 
0.594283 2.26628 
0.795629 1.78174 
0.954775 1.42114 
1.07814 1.06331 
1.1705 0.797563 
1.24006 0.604204 
1.29322 0.467241 
1.33498 0.374664 
1.36935 0.318088 
1.39963 0.292322 
1.42876 0.295039 
1.45959 0.32664 
1.48738 0.233626 
1.50708 0.163632 
1.52064 0.109787 
1.53318 0.142968 
1.54752 0.146172 
1.56289 0.163829 
1.58082 0.197689 
1.59678 0.124005 
1.60603 0.062581 
1.6095 0.00734333 
1.60753 -0.0471686 