-1.5708 0 
-1.52445 0.919414 
-1.3899 1.74965 
-1.1801 2.41342 
-0.914433 2.86221 
-0.614982 3.09291 
-0.301626 3.15157 
0.0122895 3.11938 
0.31522 2.94734 
0.571905 2.20446 
0.759952 1.57552 
0.890533 1.05179 
0.972978 0.60792 
1.01376 0.213302 
1.01623 -0.163539 
1.00828 0.00339582 
1.01692 0.170615 
1.03537 0.201016 
1.05769 0.248506 
1.08578 0.317402 
1.12209 0.414073 
1.16983 0.547658 
1.18594 -0.222854 
1.18907 0.285841 
1.24399 0.82089 
1.35581 1.43311 
1.46555 0.779342 
1.52743 0.468387 
1.56076 0.203689 
1.56884 -0.0408674 
1.55245 -0.289465 
1.53465 -0.0694849 
1.53833 0.143627 
1.56385 0.370938 
1.59223 0.201264 
1.60476 0.0514924 
1.60269 -0.0931887 
1.59247 -0.113021 