-1.5708 0 
-1.55319 0.349145 
-1.5021 0.664334 
-1.42248 0.91509 
-1.32203 1.07791 
-1.2103 1.13921 
-1.09765 1.09686 
-0.994105 0.95941 
-0.908392 0.743432 
-0.847333 0.470071 
-0.81553 0.162143 
-0.838604 -0.620843 
-0.938179 -1.35806 
-1.10663 -1.98738 
-1.32986 -2.44304 
-1.58752 -2.66844 
-1.85489 -2.63574 
-2.10646 -2.35789 
-2.31986 -1.88231 
-2.47425 -1.18833 
-2.5551 -0.421001 
-2.55768 0.369746 
-2.48183 1.14 
-2.33199 1.84052 
-2.09374 2.89327 
-1.76152 3.70032 
-1.36544 4.15671 
-0.943304 4.22313 
-0.531868 3.96056 
-0.157756 3.50121 
0.166503 2.98433 
0.440649 2.51207 
0.672368 2.14234 
0.856907 1.56935 
0.990099 1.11187 
1.08232 0.745488 
1.15754 0.770061 
1.2228 0.544936 
1.281 0.628183 
1.35041 0.770979 
1.43767 0.988206 
1.53314 0.936763 
1.60955 0.603774 
1.65588 0.330452 
1.67672 0.089708 
1.67412 -0.142208 
1.64781 -0.388122 
1.6083 -0.408555 
1.56476 -0.469362 
1.53422 -0.146433 
1.53499 0.16202 
1.54913 0.122922 
1.55998 0.0959773 
1.56864 0.0785248 
1.57595 0.0688388 
1.58263 0.0659611 
1.58935 0.0696067 
1.59678 0.0801356 