-1.5708 0
-1.58567 -0.295119
-1.62886 -0.561533
-1.69616 -0.773434
-1.78105 -0.910744
-1.87541 -0.961476
-1.97036 -0.923
-2.05724 -0.801723
-2.1284 -0.611316
-2.17781 -0.37022
-0.790331 -0.118764
-0.842343 -0.915302
-0.971144 -1.64417
-1.16673 -2.2396
-1.41236 -2.6343
-1.68515 -2.77702
-1.95882 -2.65296
-2.20776 -2.29059
-2.41092 -1.74803
-2.55354 -1.09004
-2.62693 -0.371539
-2.61528 0.603482
-2.50724 1.54768
-2.30879 2.3998
-2.03311 3.07664
-1.70242 3.48559
-1.34718 3.56134
-1.00139 3.30241
-0.69574 2.77319
-0.452587 2.06842
1.5708 0
