-8 -5 0 0 
-7.99173 -5.00003 -0.00607741 0.16532 
-7.96694 -5.00027 -0.0121548 0.330641 
-7.92561 -5.0009 -0.0182322 0.495961 
-7.86776 -5.00214 -0.0243097 0.661282 
-7.7934 -5.00419 -0.0303871 0.826602 
-7.70252 -5.00723 -0.0364645 0.991923 
-7.59515 -5.01149 -0.0425419 1.15724 
-7.47129 -5.01714 -0.0486193 1.32256 
-7.33095 -5.02441 -0.0546967 1.48788 
-7.18162 -5.02553 0.039512 1.49991 
-7.03165 -5.0125 0.133721 1.51193 
-6.88239 -4.9852 0.227929 1.52396 
-6.7352 -4.94366 0.322138 1.53598 
-6.59145 -4.88802 0.416347 1.548 
-6.4525 -4.81856 0.510556 1.56003 
-6.32192 -4.73912 0.583176 1.4975 
-6.21531 -4.64841 0.832293 1.30926 
-6.14517 -4.54957 1.08141 1.12102 
-6.10826 -4.45403 1.33053 0.932784 
-6.09822 -4.37098 1.57964 0.744545 
-6.10646 -4.30663 1.82876 0.556305 
-6.1233 -4.26372 2.07788 0.368065 
-6.13912 -4.24143 2.32699 0.179826 
-6.14547 -4.23569 2.57611 -0.00841384 
-6.13605 -4.2397 2.82523 -0.196653 
-6.11826 -4.24768 2.61413 -0.194013 
-6.10275 -4.25906 2.40303 -0.191372 
-6.09015 -4.27323 2.19193 -0.188731 
-6.08092 -4.28951 1.98084 -0.18609 
-6.07539 -4.3071 1.76974 -0.183449 
-6.07369 -4.3252 1.55864 -0.180808 
-6.07578 -4.34299 1.34754 -0.178167 
-6.07852 -4.36358 1.52153 -0.237822 
-6.07743 -4.39029 1.69551 -0.297476 
-6.07047 -4.42223 1.8695 -0.35713 
-6.05585 -4.45801 2.04348 -0.416784 
-6.0321 -4.49576 2.21747 -0.476438 
-6.01271 -4.52995 1.93613 -0.312134 
-6.00723 -4.55221 1.6548 -0.147829 
-6.00722 -4.55877 1.37346 0.0164755 
-6.0036 -4.54962 1.09212 0.18078 
-5.98807 -4.5285 0.810785 0.345085 
-5.95446 -4.50236 0.529447 0.509389 
-5.89975 -4.48036 0.24811 0.673694 
-5.82481 -4.47267 -0.0332266 0.837999 
-5.73455 -4.48891 -0.314564 1.0023 
-5.63764 -4.53678 -0.595901 1.16661 
-5.5424 -4.58564 -0.344763 0.979779 
-5.4562 -4.60524 -0.0936248 0.792949 
-5.38645 -4.6034 0.157513 0.60612 
-5.32782 -4.59026 0.283885 0.596426 
-5.27222 -4.57016 0.410257 0.586733 
-5.22046 -4.54366 0.536629 0.577039 
-5.17326 -4.51139 0.663001 0.567345 
-5.13122 -4.47407 0.789373 0.557652 
-5.09486 -4.43248 0.915745 0.547958 
-5.06457 -4.38744 1.04212 0.538264 
-5.04063 -4.33981 1.16849 0.528571 
-5.02321 -4.29046 1.29486 0.518877 
-5.01236 -4.24025 1.42123 0.509183 
-4.99708 -4.18773 1.16064 0.587782 
-4.96476 -4.1342 0.900042 0.666381 
-4.91412 -4.08535 0.639447 0.74498 
-4.84575 -4.04738 0.378851 0.823579 
-4.7623 -4.02638 0.118256 0.902177 
-4.66843 -4.02768 -0.14234 0.980776 
-4.57052 -4.05523 -0.402935 1.05938 
-4.47625 -4.11107 -0.663531 1.13797 
-4.39407 -4.19489 -0.924126 1.21657 
-4.33239 -4.30388 -1.18472 1.29517 
-4.2777 -4.41647 -1.05112 1.21004 
-4.21322 -4.51369 -0.917524 1.12491 
-4.14197 -4.59506 -0.783925 1.03978 
-4.06693 -4.66062 -0.650326 0.954648 
-3.99092 -4.71092 -0.516727 0.869518 
-3.91655 -4.74694 -0.383128 0.784387 
-3.84613 -4.77009 -0.249529 0.699256 
-3.77979 -4.78543 -0.204674 0.662726 
-3.71642 -4.79713 -0.159819 0.626196 
-3.65478 -4.80376 -0.054133 0.614259 
-3.59398 -4.80385 0.0515525 0.602321 
-3.5347 -4.79764 0.157238 0.590384 
-3.47756 -4.78547 0.262924 0.578447 
-3.41401 -4.76874 0.25226 0.735984 
-3.335 -4.74884 0.241597 0.89352 
-3.24047 -4.7261 0.230933 1.05106 
-3.13035 -4.70084 0.22027 1.20859 
-3.00457 -4.67339 0.209606 1.36613 
-2.86308 -4.6441 0.198943 1.52367 
-2.70583 -4.61328 0.188279 1.6812 
-2.54948 -4.57297 0.318169 1.5504 
-2.41291 -4.51787 0.451043 1.39712 
-2.29815 -4.45274 0.583917 1.24383 
-2.20522 -4.38226 0.716791 1.09055 
-2.13331 -4.31089 0.849665 0.93727 
-2.0808 -4.24278 0.982539 0.783988 
-2.03791 -4.18763 0.830729 0.61472 
-1.99948 -4.15119 0.678919 0.445453 
-1.96991 -4.13057 0.527109 0.276186 
-1.95278 -4.12203 0.3753 0.106919 
-1.95072 -4.12117 0.22349 -0.0623488 
-1.96527 -4.12312 0.0716803 -0.231616 
-1.99687 -4.12277 -0.0801295 -0.400883 
-2.02714 -4.12025 -0.0867356 -0.206703 
-2.03806 -4.11928 -0.0933417 -0.0125227 
-2.02964 -4.1201 -0.0999477 0.181658 
-2.00773 -4.12274 -0.137887 0.259725 
-1.97823 -4.12744 -0.175826 0.337793 
-1.94127 -4.13475 -0.213765 0.41586 
-1.89701 -4.14527 -0.251704 0.493928 
-1.84567 -4.15954 -0.289643 0.571995 
-1.78746 -4.17812 -0.327582 0.650063 
-1.72266 -4.20155 -0.365521 0.72813 
-1.65156 -4.23035 -0.40346 0.806198 
-1.57448 -4.26502 -0.441399 0.884265 
-1.49178 -4.30606 -0.479339 0.962333 
-1.40509 -4.35168 -0.489473 0.996811 
-1.31584 -4.39981 -0.499607 1.03129 
-1.21725 -4.4392 -0.262938 1.09707 
-1.10567 -4.45531 -0.0262681 1.16286 
-0.986892 -4.44422 0.210401 1.22864 
-0.867815 -4.40346 0.447071 1.29443 
-0.75607 -4.33241 0.68374 1.36021 
-0.659539 -4.23241 0.92041 1.42599 
-0.585813 -4.10692 1.15708 1.49178 
-0.541657 -3.96136 1.39375 1.55756 
-0.532475 -3.80295 1.63042 1.62335 
-0.535321 -3.64366 1.54637 1.56394 
-0.525178 -3.49061 1.46233 1.50453 
-0.490944 -3.34866 1.2036 1.42411 
-0.425352 -3.22724 0.94488 1.34369 
-0.366013 -3.11773 1.21026 1.15467 
-0.341729 -3.01485 1.47564 0.965656 
-0.344572 -2.92804 1.74102 0.77664 
-0.351962 -2.85028 1.59042 0.787063 
-0.347545 -2.77125 1.43983 0.797487 
-0.331107 -2.69276 1.28923 0.80791 
-0.302716 -2.61664 1.13863 0.818334 
-0.262722 -2.54474 0.988033 0.828757 
-0.211755 -2.47883 0.837436 0.83918 
-0.150724 -2.42059 0.686839 0.849604 
-0.0807931 -2.37157 0.536242 0.860027 
-0.00336685 -2.33314 0.385644 0.870451 
0.0719724 -2.29816 0.485199 0.791474 
0.145426 -2.25854 0.503786 0.877693 
0.225642 -2.21333 0.522373 0.963912 
0.312435 -2.16227 0.540959 1.05013 
0.405614 -2.10509 0.559546 1.13635 
0.504978 -2.04155 0.578133 1.22257 
0.61032 -1.97139 0.59672 1.30879 
0.721427 -1.89438 0.615307 1.39501 
0.818443 -1.80793 0.845934 1.20968 
0.882542 -1.71675 1.07656 1.02435 
0.917261 -1.63051 1.30719 0.839027 
0.928616 -1.55691 1.53782 0.653701 
0.924366 -1.50109 1.76844 0.468375 
0.913163 -1.46531 1.99907 0.283049 
0.903642 -1.44887 2.2297 0.0977224 
0.903544 -1.44826 2.46033 -0.0876038 
0.918917 -1.45761 2.69095 -0.27293 
0.936416 -1.46662 2.63319 -0.120845 
0.942773 -1.47062 2.49993 -0.0294452 
0.941605 -1.46949 2.36668 0.0619544 
0.934513 -1.4614 2.23342 0.153354 
0.923432 -1.44488 2.10017 0.244754 
0.907006 -1.4245 2.39166 0.280571 
0.88248 -1.40768 2.68315 0.316389 
0.850757 -1.39751 2.97464 0.352206 
0.812097 -1.38778 2.82113 0.445908 
0.766749 -1.36862 2.66762 0.53961 
0.716886 -1.33786 2.51411 0.633312 
0.665178 -1.29378 2.3606 0.727014 
0.614697 -1.23522 2.20709 0.820716 
0.568793 -1.1617 2.05358 0.914419 
0.530974 -1.07343 1.90007 1.00812 
0.492633 -0.974572 1.98013 1.11315 
0.441948 -0.869635 2.06018 1.21819 
0.377731 -0.760025 2.14024 1.32322 
0.298943 -0.647292 2.22029 1.42825 
0.204712 -0.533118 2.30035 1.53328 
0.0943463 -0.419305 2.3804 1.63832 
-0.032654 -0.307748 2.46046 1.74335 
-0.148091 -0.184426 2.18324 1.64589 
-0.220937 -0.0428639 1.90603 1.54844 
-0.250363 0.103703 1.62882 1.45098 
-0.239335 0.243044 1.3516 1.35353 
-0.193996 0.364949 1.07439 1.25607 
-0.122788 0.46197 0.797179 1.15862 
-0.0354288 0.529854 0.519966 1.06116 
0.0439978 0.591958 0.812 0.962494 
0.113303 0.654246 0.650549 0.903188 
0.186731 0.701388 0.489097 0.843882 
0.261346 0.73376 0.327645 0.784575 
0.334449 0.752269 0.166194 0.725269 
0.398061 0.768814 0.348911 0.591117 
0.445693 0.793112 0.603228 0.481196 
0.477514 0.821299 0.857545 0.371276 
0.495156 0.847452 1.11186 0.261355 
0.502081 0.866838 1.36618 0.151435 
0.503057 0.876413 1.6205 0.0415144 
0.503522 0.875133 1.87481 -0.0684062 
0.508876 0.864053 2.12913 -0.178327 
0.523784 0.84619 2.38345 -0.288247 
0.53968 0.826797 2.11848 -0.214715 
0.546985 0.810628 1.85351 -0.141182 
0.548704 0.800358 1.58854 -0.0676493 
0.547336 0.786259 1.39366 -0.216067 
0.539246 0.758428 1.19878 -0.364484 
0.519216 0.719476 1.00389 -0.512902 
0.482886 0.673473 0.809011 -0.661319 
0.427112 0.625699 0.614128 -0.809737 
0.350259 0.582311 0.419245 -0.958154 
0.252401 0.549939 0.224363 -1.10657 
0.135428 0.535256 0.0294798 -1.25499 
0.00304099 0.544508 -0.165403 -1.40341 
-0.139357 0.583072 -0.360286 -1.55182 
-0.274903 0.659884 -0.670022 -1.57659 
-0.382259 0.776167 -0.979758 -1.60136 
-0.450105 0.921876 -1.28949 -1.62612 
-0.470621 1.08378 -1.59923 -1.65089 
-0.440361 1.24665 -1.90897 -1.67566 
-0.360729 1.39473 -2.2187 -1.70043 
-0.237976 1.5132 -2.52844 -1.72519 
-0.111995 1.6312 -2.24972 -1.73826 
-0.0226701 1.78042 -1.971 -1.75132 
0.0224884 1.94972 -1.69228 -1.76439 
0.0193029 2.12621 -1.41356 -1.77745 
-0.0326971 2.29626 -1.13484 -1.79052 
-0.0970784 2.45995 -1.25801 -1.72968 
-0.139349 2.62443 -1.38119 -1.66883 
-0.160316 2.78681 -1.50436 -1.60799 
-0.161143 2.94447 -1.62753 -1.54715 
-0.143312 3.09499 -1.7507 -1.48631 
-0.108577 3.23628 -1.87388 -1.42546 
-0.0589144 3.36655 -1.99705 -1.36462 
0.00352715 3.48437 -2.12022 -1.30378 
0.0646918 3.59845 -2.00537 -1.28661 
0.111748 3.7172 -1.89053 -1.26945 
0.144442 3.8389 -1.77568 -1.25228 
0.162722 3.96185 -1.66084 -1.23511 
0.166736 4.08437 -1.54599 -1.21795 
0.148784 4.19505 -1.26629 -1.0319 
0.108947 4.27973 -0.986593 -0.84586 
0.0595632 4.33623 -0.706893 -0.659816 
0.0121427 4.36695 -0.427193 -0.473772 
-0.0241298 4.37812 -0.147493 -0.287729 
-0.0435332 4.3787 0.132207 -0.101685 
-0.0444812 4.37888 0.411906 0.0843585 
-0.0296515 4.38852 0.691606 0.270402 
-0.00556351 4.41558 0.971306 0.456446 
0.018345 4.46485 1.25101 0.642489 
0.0507562 4.53102 0.990956 0.835254 
0.111619 4.60121 0.730905 1.02802 
0.204339 4.66426 0.470855 1.22078 
0.318341 4.72127 0.456794 1.32849 
0.442832 4.78135 0.442733 1.4362 
0.577921 4.84423 0.428673 1.54391 
0.723707 4.90961 0.414612 1.65161 
0.880287 4.9772 0.400551 1.75932 
1.04775 5.04671 0.386491 1.86703 
1.22618 5.11785 0.37243 1.97474 
1.41565 5.19033 0.358369 2.08245 
1.61479 5.25436 0.263961 2.10288 
1.82109 5.29977 0.169553 2.12331 
2.03277 5.32578 0.0751447 2.14374 
2.248 5.33178 -0.0192635 2.16418 
2.46488 5.31733 -0.113672 2.18461 
2.68144 5.28217 -0.20808 2.20504 
2.8957 5.22624 -0.302488 2.22547 
3.10566 5.14965 -0.396896 2.2459 
3.3093 5.05274 -0.491305 2.26634 
3.49246 4.93598 -0.645897 2.08212 
3.64166 4.8046 -0.80049 1.8979 
3.75709 4.66596 -0.955082 1.71368 
3.86471 4.54288 -0.7464 1.56223 
3.98338 4.45381 -0.537719 1.41077 
4.10421 4.39761 -0.329037 1.25932 
4.21933 4.37103 -0.120355 1.10786 
4.32664 4.36274 -0.0330515 1.04547 
4.42803 4.36377 0.0542523 0.983075 
4.52274 4.37302 0.141556 0.920681 
4.61015 4.38935 0.22886 0.858288 
4.68979 4.41156 0.316164 0.795894 
4.76136 4.43844 0.403467 0.7335 
4.82468 4.46875 0.490771 0.671107 
4.87976 4.5013 0.578075 0.608713 
4.92671 4.53488 0.665379 0.546319 
4.96583 4.56838 0.752683 0.483925 
5.01042 4.601 0.520282 0.623577 
5.07414 4.62795 0.287881 0.763229 
5.15608 4.64189 0.0554801 0.902881 
5.25294 4.63573 -0.176921 1.04253 
5.34694 4.62009 -0.152043 0.86336 
5.42356 4.60929 -0.127164 0.684187 
5.48544 4.60736 0.0717654 0.556106 
5.53388 4.61552 0.270695 0.428024 
5.56784 4.62847 0.469625 0.299943 
5.58779 4.64098 0.668555 0.171861 
5.59568 4.64831 0.867484 0.0437797 
5.59471 4.64652 1.06641 -0.0843018 
5.59137 4.64124 0.932166 -0.0406299 
5.59019 4.63978 0.797918 0.00304207 
5.59207 4.64141 0.66367 0.046714 
5.59777 4.64521 0.529422 0.090386 
5.60783 4.65017 0.395173 0.134058 
5.62259 4.65514 0.260925 0.17773 
5.64217 4.65894 0.126677 0.221402 
5.66643 4.66034 -0.00757078 0.265074 
5.69502 4.65815 -0.141819 0.308746 
5.72207 4.65628 0.0112479 0.234087 
5.74166 4.65791 0.164315 0.159428 
5.74929 4.659 0.0921146 -0.00513754 
5.75165 4.65917 0.0673494 0.0522859 
5.75973 4.65961 0.0425841 0.109709 
5.77357 4.66001 0.0178189 0.167133 
5.79315 4.66011 -0.00694638 0.224556 
5.81847 4.6596 -0.0317116 0.28198 
5.84951 4.65822 -0.0564769 0.339403 
5.88623 4.65568 -0.0812421 0.396827 
5.9286 4.65169 -0.106007 0.45425 
5.97655 4.64597 -0.130773 0.511673 
6.03526 4.64648 0.136427 0.665936 
6.10657 4.66657 0.403626 0.820199 
6.18326 4.71265 0.670825 0.974462 
6.25572 4.78843 0.938024 1.12872 
6.33432 4.87715 0.756683 1.24516 
6.43677 4.95743 0.575341 1.3616 
6.56231 5.02334 0.393999 1.47803 
6.69645 5.08331 0.446958 1.46091 
6.82569 5.14952 0.499917 1.4438 
6.94978 5.22161 0.552876 1.42668 
7.06844 5.29923 0.605835 1.40956 
7.18144 5.38202 0.658794 1.39244 
7.2823 5.46429 0.71082 1.21101 
7.36532 5.5395 0.762847 1.02957 
7.43152 5.60605 0.814873 0.84814 
7.48208 5.66244 0.866899 0.666706 
7.51826 5.70725 0.918925 0.485271 
7.54143 5.73917 0.970951 0.303837 
7.55942 5.76037 0.756996 0.25322 
7.57747 5.77421 0.543042 0.202604 
7.59348 5.78177 0.329087 0.151987 
7.60579 5.78464 0.115132 0.10137 
7.61516 5.78573 0.115886 0.0872845 
7.62313 5.78666 0.11664 0.0731986 
7.6297 5.78743 0.117394 0.0591127 
7.63439 5.78802 0.134508 0.0354713 
7.62986 5.78778 0.0312559 -0.126311 
7.60915 5.78835 -0.0719965 -0.288094 
7.59054 5.792 -0.365833 -0.0924896 
7.59077 5.79132 -0.659669 0.103114 
7.60427 5.77654 -0.953505 0.298718 
7.62175 5.7411 -1.24734 0.494323 
7.63165 5.68294 -1.54118 0.689927 
7.62199 5.60504 -1.83501 0.885531 
7.58239 5.51542 -2.12885 1.08113 
7.54016 5.42101 -1.84999 0.993972 
7.52677 5.32723 -1.57113 0.906809 
7.5385 5.24199 -1.29227 0.819646 
7.56971 5.17121 -1.0134 0.732484 
7.61363 5.11842 -0.734543 0.645321 
7.66318 5.08463 -0.455682 0.558158 
7.71186 5.06849 -0.176821 0.470996 
7.75443 5.06669 0.10204 0.383833 
7.78741 5.0746 0.380901 0.29667 
7.8084 5.0832 0.398137 0.156981 
7.81641 5.08663 0.415373 0.017291 
7.81163 5.08445 0.432609 -0.122399 
7.79426 5.07622 0.449845 -0.262088 
7.77726 5.06699 0.558173 -0.124974 
7.77257 5.06385 0.666501 0.012141 
7.77512 5.06541 0.470704 0.0477645 
7.78124 5.06774 0.274906 0.083388 
7.78914 5.06989 0.258037 0.0802846 
7.79677 5.07184 0.241168 0.0771811 
7.80412 5.07358 0.224299 0.0740777 
7.81121 5.07514 0.207429 0.0709742 
7.81801 5.07651 0.19056 0.0678708 
7.82454 5.07771 0.173691 0.0647673 
7.83077 5.07875 0.156822 0.0616639 
7.83672 5.07964 0.139952 0.0585604 
7.8375 5.07982 -0.0138301 -0.0426165 