-1.5708 0
-1.57328 -0.0491868
-1.58047 -0.0935878
-1.59169 -0.128883
-1.60583 -0.151641
-1.62152 -0.159654
-1.63724 -0.152152
-1.6465 -0.0315009
-1.64344 0.0922076
-1.62836 0.206966
-1.60272 0.301617
-1.56902 0.366936
-1.53053 0.396556
-1.49099 0.387627
-1.45426 0.341103
-1.42388 0.26161
-1.40278 0.156927
-1.39299 0.0371815
-1.39546 -0.0861271
-1.4149 -0.299573
-1.45441 -0.484202
-1.51018 -0.62202
-1.5768 -0.699435
-1.64779 -0.708823
-1.71626 -0.64947
-1.77559 -0.527585
-1.8201 -0.355404
-1.84555 -0.149666
-1.8446 0.168549
-1.81237 0.470937
-1.7519 0.728754
-1.67193 0.857742
-1.58313 0.903726
-1.49412 0.861841
-1.41058 0.795414
-1.3376 0.652582
-1.28213 0.447917
-1.24941 0.201395
-1.24248 -0.0637652
-1.26197 -0.323037
-1.30658 -0.562141
-1.37263 -0.748369
-1.45386 -0.863173
-1.54595 -0.963454
-1.64342 -0.970087
-1.73682 -0.882641
-1.81811 -0.730175
-1.88055 -0.508757
-1.91828 -0.240092
