-1.5708 0 
-1.5701 0.0138417 
-1.54248 0.534012 
-1.46503 1.00228 
-1.35602 1.16027 
-1.23666 1.20813 
-1.11811 1.14501 
-1.01151 0.971746 
-0.926447 0.718031 
-0.869778 0.408095 
-0.845848 0.0675532 
-0.856433 -0.277957 
-0.948632 -1.55423 
-1.16312 -2.70505 
-1.44954 -2.97822 
-1.74918 -2.96566 
-2.03321 -2.67091 
-2.27558 -2.14354 
-2.45657 -1.45554 
-2.56365 -0.675813 
-2.59051 0.141053 
-2.53569 0.950466 
-2.40221 1.70558 
-2.14885 3.33013 
-1.74534 4.67908 
-1.22792 5.58555 
-0.645035 5.99574 
-0.0402663 6.06666 
0.567518 6.11465 
1.09526 4.50389 
1.48116 3.27458 
1.76082 2.36397 
1.96158 1.68263 
2.10247 1.15563 
2.19599 0.727603 
2.24993 0.358223 
2.28976 0.443386 
2.32092 0.183557 
2.32692 -0.062942 
2.30818 -0.313986 
2.26335 -0.588103 
2.20556 -0.575181 
2.1468 -0.607989 
2.08229 -0.691192 
2.00658 -0.834014 
1.913 -1.05167 
1.87187 0.222651 
1.90578 0.460933 
1.96548 0.742144 
2.05646 1.09081 
2.1868 1.53421 
2.321 1.16668 
2.42295 0.883922 
2.4997 0.658931 
2.55604 0.473081 
2.59518 0.313159 
2.6192 0.169366 
2.62933 0.0339471 
2.62605 -0.0998232 
2.6092 -0.23847 
2.58219 -0.304016 
2.54787 -0.385503 
2.50438 -0.488314 
2.44925 -0.619871 
2.37911 -0.790612 
2.28933 -1.01548 
2.1735 -1.31615 
2.02253 -1.7244 
1.87427 -1.26338 
1.76591 -0.921012 
1.6871 -0.667799 
1.63017 -0.480116 
1.5895 -0.339813 
1.56109 -0.233107 
1.54212 -0.149456 
1.53071 -0.0805801 
1.52573 -0.0196682 
1.52454 -0.00435269 
1.52485 0.0105328 
1.52589 0.0105202 
1.52699 0.011547 
1.52824 0.0137148 
1.52935 0.00872803 
1.53002 0.00477569 
1.53032 0.00129528 