-1.5708 0 
-1.56118 0.190768 
-1.53326 0.362977 
-1.48976 0.499902 
-1.4349 0.588365 
-1.37399 0.620132 
-1.31286 0.592734 
-1.25731 0.50955 
-1.21884 0.253725 
-1.20734 -0.0253412 
-1.22384 -0.302096 
-1.26683 -0.551131 
-1.33235 -0.748904 
-1.41424 -0.875816 
-1.5047 -0.918568 
-1.59497 -0.872198 
-1.6763 -0.741036 
-1.73319 -0.38749 
-1.75255 0.00331621 
-1.73254 0.393805 
-1.67506 0.746421 
-1.58567 1.02678 
-1.47304 1.20732 
-1.34811 1.27111 
-1.23 1.07243 
-1.13692 0.775228 
-1.07725 0.409306 
-1.05623 0.00810155 
-1.07566 -0.393793 
-1.14981 -1.07834 
-1.28811 -1.66648 
-1.47789 -2.09864 
-1.70105 -2.32805 
-1.93601 -2.33392 
-2.16075 -2.12829 
-2.3559 -1.75014 
-2.50672 -1.25023 
-2.60351 -0.676705 
-2.63886 -0.0274848 
-2.60511 0.699682 
-2.49902 1.4126 
-2.32539 2.04118 
-2.09566 2.52335 
-1.82783 2.79276 
-1.54587 2.80071 
-1.27676 2.53794 
-1.05276 1.9086 
-0.900465 1.11663 
-0.832307 0.238061 
-0.853433 -0.658015 
-0.962276 -1.50486 
-1.15035 -2.22999 
-1.40163 -2.75633 
-1.6928 -3.01948 
-1.99571 -2.99098 
-2.28216 -2.69858 
-2.52876 -2.20638 
-2.71926 -1.58833 
-2.84425 -0.904448 
-2.89925 -0.193181 
-2.86958 0.785471 
-2.74288 1.74169 
-2.52351 2.62836 
-2.22225 3.36295 
-1.85965 3.83632 
-1.45436 4.20359 
-1.03239 4.17058 
-0.631826 3.79258 
-0.281204 3.19481 
0.00415689 2.50614 
0.219972 1.81423 
0.349056 0.773481 
0.375498 -0.243103 
0.300155 -1.26789 
0.120756 -2.32637 
-0.165913 -3.40619 
-0.558481 -4.42282 
-1.02791 -4.91148 
-1.52721 -4.99665 
-2.0112 -4.60594 
-2.43492 -3.81371 
-2.7658 -2.77631 
-2.98673 -1.63306 
-3.0915 -0.460615 
-3.07875 0.715414 
-2.94357 1.9854 
-2.68306 3.21133 
-2.30608 4.29147 
-1.83517 5.05956 
-1.3099 5.36047 
-0.779697 5.16911 
-0.287837 4.6276 
0.13239 3.77192 
0.46801 2.95687 
0.728017 2.26727 
0.926349 1.72323 
1.07716 1.31366 
1.19286 1.01767 
1.28379 0.814857 
1.3584 0.68918 
1.4101 0.353187 
1.43688 0.186544 
1.44802 0.0381733 
1.4532 0.06625 
1.46149 0.100834 
1.47181 0.10739 
1.48332 0.124516 
1.49713 0.153909 
1.5146 0.198484 
1.53035 0.118964 
1.53879 0.0512 
1.54075 -0.0115033 