-1.5708 0
-1.5477 0.458231
-1.48064 0.87191
-1.37614 1.20122
-1.24423 1.41614
-1.09727 1.50086
-0.948396 1.45578
-0.809965 1.29541
-0.692377 1.04322
-0.597913 0.836786
-0.526563 0.583989
-0.482079 0.302196
-0.466585 0.00652316
-0.508928 -0.850155
-0.635235 -1.66488
-0.838636 -2.38089
-1.14797 -3.76362
-1.54307 -4.0757
-1.95115 -4.02024
-2.33505 -3.60523
-2.6637 -2.93581
-2.91773 -2.13068
-3.07182 -0.94749
-3.0858 0.667913
-2.93841 2.27703
-2.63206 3.83277
-2.17815 5.19633
-1.60668 6.14514
-0.968741 6.51424
-0.305087 6.69487
0.363822 6.6865
0.942579 4.94625
1.36582 3.58173
1.67033 2.55788
1.88574 1.78482
2.03287 1.17998
2.12522 0.680084
2.1708 0.237698
2.17341 -0.185172
2.13326 -0.623219
2.08062 -0.43695
2.04462 -0.288269
2.02213 -0.164889
1.97732 -0.737972
1.93456 -0.12364
1.95221 0.479337
2.00567 0.597908
2.07357 0.769963
2.16187 1.00846
2.24887 0.74284
2.31235 0.534579
2.35708 0.365382
2.38627 0.22175
2.40193 0.0931682
2.44133 0.69907
2.50244 0.529257
2.54822 0.39072
2.5813 0.273812
2.60346 0.171302
2.61585 0.0774766
2.61908 -0.0125037
2.6146 -0.0775873
2.60344 -0.146526
2.58557 -0.212356
2.5606 -0.28926
2.5272 -0.381858
2.4835 -0.496229
2.42695 -0.64064
2.38248 -0.25377
2.3678 -0.0414533
2.35534 -0.209245
2.32546 -0.391711
2.27605 -0.602464
2.20346 -0.858709
2.10203 -1.18366
1.9636 -1.60513
1.77613 -2.17359
1.61309 -1.1136
1.54976 -0.16337
1.54129 -0.00731164
