-1.5708 0
-1.55592 0.295119
-1.51273 0.561531
-1.44544 0.773432
-1.36054 0.910742
-1.26618 0.961474
-1.17123 0.922998
-1.11413 0.210487
-1.12975 -0.520581
-1.21671 -1.20544
-1.36715 -1.77974
-1.56698 -2.18444
-1.79695 -2.37741
-2.03495 -2.34605
-2.25934 -2.11095
-2.45182 -1.71649
-2.59905 -1.21425
-2.6926 -0.64949
-2.72801 -0.0563524
-2.6739 1.13494
-2.50275 2.27341
-2.22372 3.2754
-1.85618 4.02187
-1.43183 4.39614
-0.990986 4.35358
-0.572895 3.96032
-0.205952 3.356
0.0959704 2.67991
0.33078 2.02451
0.502962 1.43061
0.619124 0.902763
0.685214 0.425608
0.705122 -0.025369
0.680087 -0.477946
