-1.5708 0 
-1.549 0.432297 
-1.48574 0.822559 
-1.38716 1.13318 
-1.26273 1.33563 
-1.12417 1.41451 
-0.983975 1.36938 
-0.89091 0.479672 
-0.889269 -0.447047 
-0.979176 -1.33931 
-1.15348 -2.12192 
-1.39723 -2.71494 
-1.68971 -3.08689 
-2.00469 -3.16309 
-2.30241 -2.75076 
-2.54815 -2.13781 
-2.72602 -1.40565 
-2.82738 -0.615706 
-2.84852 0.193993 
-2.7635 1.50188 
-2.55003 2.75132 
-2.21835 3.84541 
-1.79098 4.63897 
-1.30516 4.99825 
-0.806824 4.89795 
-0.337008 4.45713 
0.0797279 3.86909 
0.422576 3.00199 
0.684031 2.24966 
0.877101 1.63396 
1.01491 1.14056 
1.10838 0.742086 
1.1655 0.408912 
1.19139 0.112749 
1.1884 -0.173093 
1.17546 -0.0876516 
1.1706 -0.0102127 
1.17531 0.105166 
1.19195 0.230149 
1.22205 0.376296 
1.26838 0.557449 
1.33529 0.791285 
1.42916 1.10129 
1.51762 0.682247 
1.57549 0.484638 
1.61614 0.334952 
1.64358 0.218361 
1.66053 0.123313 
1.66865 0.0404141 
1.66874 -0.0385064 
1.66082 -0.121218 
1.6441 -0.215871 
1.61683 -0.33397 
1.58986 -0.209909 
1.57416 -0.106602 
1.56819 -0.0138385 
1.57135 0.0775562 
1.57434 -0.0171682 