-1.5708 0
-1.55592 0.295119
-1.51273 0.561531
-1.44544 0.773432
-1.36054 0.910742
-1.26618 0.961474
-1.17123 0.922998
-1.08435 0.801722
-1.0132 0.611315
-0.963782 0.370219
-0.969946 -0.492671
-1.06098 -1.31541
-1.22927 -2.0253
-1.45982 -2.54905
-1.73085 -2.82732
-2.01624 -2.8359
-2.28973 -2.59654
-2.52918 -2.16632
-2.7189 -1.61285
-2.81963 -0.395889
-2.79764 0.834446
-2.65371 2.03495
-2.39386 3.13754
-2.03323 4.02816
-1.59993 4.56927
-1.13409 4.67336
-0.678912 4.37184
-0.268658 3.80291
0.0782835 3.13074
0.358184 2.4773
0.576509 1.90535
0.742612 1.43336
0.866336 1.0557
0.95638 0.756806
1.01972 0.518658
1.06156 0.324006
1.08545 0.157231
