-1.5708 0
-1.54945 0.423415
-1.48749 0.805659
-1.39093 1.10988
-1.26906 1.30807
-1.13337 1.38499
-0.996145 1.33995
-0.902127 0.527924
-0.891922 -0.325128
-0.96632 -1.1531
-1.11943 -1.8875
-1.34239 -2.53733
-1.61886 -2.94718
-1.92229 -3.0727
-2.22406 -2.91949
-2.49864 -2.54073
-2.72721 -2.01178
-2.89831 -1.40134
-3.00633 -0.755803
-3.02468 0.389077
-2.92868 1.52843
-2.72013 2.63213
-2.40588 3.62504
-2.00312 4.37749
-1.54325 4.74645
-1.0691 4.66217
-0.622391 4.21761
-0.233619 3.53173
0.0811766 2.76048
0.319102 2.00589
0.484343 1.30958
0.582976 0.671316
0.619801 0.0685958
0.596824 -0.53028
0.510435 -1.20497
0.353939 -1.93574
0.121161 -2.7289
-0.192808 -3.54886
-0.586268 -4.29622
-1.04426 -4.80944
-1.53059 -4.84113
-1.99693 -4.41113
-2.39981 -3.59347
-2.70764 -2.53549
-2.90331 -1.36762
-2.98003 -0.164356
-2.93609 1.04198
-2.76425 2.38683
-2.46172 3.6391
-2.044 4.66277
-1.54134 5.31074
-0.998885 5.45407
-0.479361 4.87969
-0.0303515 4.08236
0.336547 3.26496
0.626035 2.54681
0.85072 1.97164
1.02519 1.54066
1.16316 1.23878
1.26977 0.90976
1.34796 0.666385
1.40518 0.487173
1.44697 0.35544
1.47742 0.258573
1.49953 0.187162
1.51547 0.134212
1.52681 0.0945149
1.53468 0.064156
1.53917 0.0263258
1.54146 0.019808
1.5432 0.0152485
1.54456 0.0121965
1.54568 0.0103504
