-1.5708 0
-1.57068 0.00223263
-1.57253 -0.0387622
-1.57831 -0.0759854
-1.58747 -0.105816
-1.59913 -0.125351
-1.6124 -0.137876
-1.62626 -0.136997
-1.63935 -0.122809
-1.64945 -0.0775411
-1.65461 -0.0247513
-1.65432 0.0304387
-1.64748 0.105326
-1.6336 0.169993
-1.61265 0.24549
-1.5853 0.297121
-1.5542 0.319847
-1.52237 0.311459
-1.49292 0.272802
-1.4687 0.20768
-1.45205 0.122452
-1.4446 0.0253894
-1.44706 -0.0741249
-1.45919 -0.166479
-1.48313 -0.308408
-1.51987 -0.420438
-1.56585 -0.491612
-1.61659 -0.514962
-1.66717 -0.488268
-1.71266 -0.414288
-1.74869 -0.300391
-1.77178 -0.157709
-1.77973 2.29538e-05
-1.77177 0.157753
-1.74441 0.385081
-1.69599 0.575471
-1.63118 0.710288
-1.55624 0.776137
-1.47847 0.766513
-1.40542 0.68265
-1.34414 0.533255
-1.30046 0.333253
-1.27853 0.101949
-1.2833 -0.196659
-1.31725 -0.476874
-1.37717 -0.712094
-1.45739 -0.879273
-1.55019 -0.961467
-1.64656 -0.950197
-1.73714 -0.846793
-1.8132 -0.662123
-1.86748 -0.414836
-1.89221 -0.0759098
-1.88242 0.270047
-1.83903 0.590918
-1.7661 0.856238
-1.67052 1.03978
-1.56151 1.1227
-1.44963 1.0965
-1.34575 0.964458
-1.2598 0.740902
-1.20296 0.387179
-1.18354 -0.00183654
-1.20332 -0.390686
-1.26049 -0.743919
-1.3498 -1.02805
-1.46284 -1.21453
-1.58877 -1.28361
-1.71539 -1.22799
-1.83042 -1.05421
-1.92291 -0.781212
-1.98313 -0.413988
-2.00447 -0.00968476
-1.98504 0.395478
-1.92492 0.797685
-1.82794 1.12685
-1.7031 1.34987
-1.56232 1.4428
-1.41923 1.3956
-1.28769 1.2143
-1.18017 0.919453
-1.10657 0.541605
-1.07654 0.0544883
-1.09583 -0.437331
-1.16274 -0.891052
-1.27137 -1.26484
-1.41227 -1.53068
-1.57259 -1.6496
-1.73683 -1.60837
-1.88911 -1.41303
-2.01503 -1.08636
-2.10318 -0.663835
-2.14593 -0.185251
-2.13972 0.308595
-2.08506 0.776921
-1.98654 1.17899
-1.84878 1.55503
-1.68041 1.7855
-1.49745 1.84365
-1.31765 1.72337
-1.1582 1.44089
-1.03377 1.02962
-0.955171 0.531669
-0.928862 -0.00895656
-0.956939 -0.548876
-1.03717 -1.04469
-1.16344 -1.46244
-1.32528 -1.74919
-1.50776 -1.871
-1.69341 -1.81163
-1.86425 -1.57768
-2.00403 -1.1967
-2.10004 -0.709548
-2.14394 -0.162318
-2.1311 0.417383
-2.06162 0.962344
-1.9414 1.42416
-1.78112 1.75645
-1.5957 1.92178
-1.403 1.90073
-1.22164 1.69775
-1.06864 1.33945
-0.957586 0.866309
-0.897701 0.323561
-0.898459 -0.33863
-0.964557 -0.974669
-1.09077 -1.53192
-1.26651 -1.95626
-1.47595 -2.19902
-1.6992 -2.22953
-1.91467 -2.04569
-2.10207 -1.67455
-2.24487 -1.16218
-2.32739 -0.477987
-2.33933 0.240656
-2.27983 0.942138
-2.15325 1.57297
-1.96953 2.07489
-1.74553 2.37002
-1.5031 2.43887
-1.26565 2.27208
-1.05573 1.89479
-0.892072 1.35631
-0.78793 0.713871
-0.750963 0.0212781
-0.783722 -0.672757
-0.883951 -1.31972
-1.04615 -1.90249
-1.25907 -2.32419
-1.5038 -2.53096
-1.75707 -2.49325
-1.99449 -2.21814
-2.19412 -1.7461
-2.33908 -1.13492
-2.41842 -0.442987
-2.42671 0.278115
-2.3634 0.981066
-2.22941 1.68224
-2.03131 2.25246
-1.7855 2.62585
-1.51447 2.75063
-1.24428 2.60982
-1.00053 2.22919
-0.804562 1.6651
-0.67145 0.982536
-0.61042 0.232119
-0.625467 -0.531638
-0.715717 -1.26423
-0.875579 -1.91439
-1.09723 -2.48836
-1.36604 -2.84647
-1.65748 -2.93483
-1.94353 -2.74063
-2.19731 -2.29869
-2.39718 -1.67433
-2.52844 -0.937513
-2.5829 -0.146643
-2.55368 0.728341
-2.43857 1.56264
-2.24449 2.29628
-1.98519 2.85352
-1.68228 3.15693
-1.36397 3.15738
-1.06081 2.85931
-0.800227 2.31836
-0.605725 1.55122
-0.492911 0.695488
-0.467726 -0.193684
-0.531523 -1.07728
-0.681364 -1.90566
-0.908694 -2.61449
-1.19752 -3.12109
-1.52433 -3.36281
-1.85921 -3.28063
-2.17026 -2.89446
-2.43031 -2.27504
-2.62038 -1.50841
-2.7295 -0.66598
-2.75268 0.203793
-2.689 1.06561
-2.53841 1.93381
-2.30587 2.69207
-2.00654 3.2539
-1.66467 3.52956
-1.31199 3.46665
-0.982195 3.08026
-0.704289 2.44406
-0.501216 1.59869
-0.387113 0.675409
-0.366994 -0.274227
-0.441626 -1.21365
-0.607984 -2.09999
-0.858006 -2.87322
-1.17551 -3.43293
-1.53431 -3.68583
-1.90077 -3.58423
-2.24018 -3.15524
-2.52375 -2.48442
-2.73231 -1.67014
-2.85123 -0.701665
-2.87195 0.288062
-2.79388 1.26961
-2.6195 2.20611
-2.35632 3.03146
-2.02023 3.6456
-1.63785 3.9417
-1.2446 3.85985
-0.877715 3.4256
-0.568073 2.73392
-0.33792 1.85283
-0.199586 0.907937
-0.156962 -0.0566538
-0.212646 -1.05539
-0.367263 -2.02985
-0.616155 -2.92894
-0.947792 -3.66578
-1.33962 -4.11261
-1.75738 -4.17459
-2.16129 -3.84272
-2.51556 -3.20105
-2.79532 -2.37316
-2.98747 -1.46211
-3.08695 -0.525848
-3.08845 0.495812
-2.9879 1.51365
-2.78655 2.50516
-2.48981 3.40651
-2.11205 4.10282
-1.68065 4.45857
-1.23462 4.38984
-0.816068 3.92303
-0.459339 3.17708
-0.18534 2.28892
-0.00741316 1.26696
0.0719937 0.321656
0.0569788 -0.622122
-0.0525178 -1.56794
-0.256267 -2.50209
-0.550764 -3.36915
-0.924854 -4.07178
-1.35455 -4.45854
-1.80252 -4.42789
-2.22622 -3.98387
-2.58902 -3.23248
-2.8671 -2.3112
-3.04911 -1.32369
-3.13138 -0.321003
-3.11328 0.682795
-2.99491 1.68302
-2.77664 2.6737
-2.46769 3.48044
-2.08768 4.07267
-1.66463 4.32261
-1.23704 4.16005
-0.845398 3.61766
-0.522345 2.81024
-0.28801 1.86154
-0.151846 0.856985
-0.117078 -0.162359
-0.184248 -1.17944
-0.352204 -2.17254
-0.616219 -3.08787
-0.963531 -3.81825
-1.36967 -4.24367
-1.79884 -4.26985
-2.21021 -3.89679
-2.56803 -3.21978
-2.8484 -2.36856
-3.03941 -1.44575
-3.137 -0.505238
-3.14043 0.436673
-3.04969 1.37753
-2.8625 2.36076
-2.57827 3.30519
-2.20731 4.07297
-1.77433 4.52229
-1.31713 4.54718
-0.883626 4.05999
-0.515355 3.26696
-0.235581 2.31196
-0.0548291 1.29896
0.0239135 0.275759
0.000330329 -0.747489
-0.125548 -1.76889
-0.352638 -2.76431
-0.675184 -3.66095
-1.07731 -4.33128
-1.52512 -4.55469
-1.97359 -4.34279
-2.38076 -3.74616
-2.71436 -2.89568
-2.95588 -1.92288
-3.09769 -0.910817
-3.13787 0.107424
-3.0757 1.13561
-2.91104 2.15364
-2.64668 3.11859
-2.29226 3.93402
-1.86951 4.46087
-1.41376 4.57997
-0.968088 4.26614
-0.571937 3.61206
-0.252122 2.76354
-0.0215893 1.84216
0.116096 0.912716
0.161258 -0.00841572
