-1.5708 0
-1.55123 0.388073
-1.49444 0.738406
-1.40595 1.01718
-1.29427 1.19849
-1.17 1.26781
-1.0445 1.22364
-0.928714 1.07638
-0.832041 0.844898
-0.786757 0.055423
-0.821085 -0.737954
-0.93257 -1.47776
-1.12743 -2.39213
-1.40394 -3.09511
-1.73655 -3.50272
-2.09332 -3.57782
-2.44207 -3.3537
-2.72921 -2.36451
-2.91178 -1.27762
-2.98372 -0.158935
-2.94348 0.962633
-2.79186 2.0631
-2.53326 3.08964
-2.17978 3.93937
-1.75591 4.47446
-1.29907 4.58784
-0.863106 4.0689
-0.495371 3.24832
-0.19403 2.76199
0.0552246 2.22039
0.250389 1.68784
0.394118 1.19423
0.472963 0.388143
0.472312 -0.401214
0.392137 -1.20784
0.238554 -1.87168
0.0164162 -2.57581
-0.276656 -3.27959
-0.63649 -3.89139
-1.04737 -4.27634
-1.47978 -4.30475
-1.8945 -3.92243
-2.25222 -3.18096
-2.5226 -2.19651
-2.67828 -0.904123
-2.70206 0.430305
-2.59284 1.74559
-2.356 2.96759
-2.00625 3.98074
-1.57157 4.64365
-1.09247 4.8626
-0.612947 4.66916
-0.180026 3.96228
0.177065 3.17968
0.461677 2.52727
0.68613 1.98174
0.862099 1.55776
1.00154 1.24937
1.11542 1.04435
1.21349 0.931759
1.30463 0.905335
1.39742 0.965224
1.49292 0.960143
1.5926 1.04967
1.67829 0.678172
1.73045 0.373392
1.75418 0.105106
1.75919 -0.00413152
1.75334 -0.11377
1.73607 -0.234479
1.7162 -0.166
1.70233 -0.113761
1.70085 0.0839189
1.71938 0.289823
1.73456 0.0160432
1.72265 -0.256169
1.70883 -0.0223047
1.7076 -0.00251158
1.70224 -0.105567
1.68614 -0.218976
1.65773 -0.353905
1.61421 -0.52371
1.58792 -0.0062259
