-1.5708 0
-1.56167 0.180992
-1.53519 0.344376
-1.49392 0.474281
-1.44187 0.558191
-1.38408 0.588259
-1.3261 0.562093
-1.27344 0.482847
-1.23103 0.358639
-1.20281 0.201478
-1.19135 0.0259856
-1.22004 -0.595418
-1.30861 -1.16211
-1.4488 -1.61933
-1.62724 -1.9203
-1.82664 -2.03533
-2.02792 -1.95939
-2.21279 -1.71242
-2.36592 -1.33132
-2.476 -0.858438
-2.52123 -0.0417644
-2.48427 0.777347
-2.35573 1.77982
-2.13246 2.65697
-1.83168 3.31369
-1.48011 3.66057
-1.11135 3.6567
-0.759384 3.33646
-0.452856 2.7657
-0.225995 1.75937
-0.102354 0.710238
-0.0842207 -0.347826
-0.166938 -1.3049
-0.344433 -2.23778
-0.611942 -3.09247
-0.960418 -3.83697
-1.36911 -4.27562
-1.80202 -4.31214
-2.21799 -3.94589
-2.5786 -3.22664
-2.85762 -2.33529
-3.04342 -1.37513
-3.13214 -0.398538
-3.1231 0.57938
-3.00162 1.8487
-2.75431 3.08721
-2.38813 4.20443
-1.92287 5.03791
-1.3958 5.41798
-0.85878 5.24368
-0.359889 4.68788
0.0761443 4.023
0.445572 3.38127
0.757058 2.87727
1.00749 2.16293
1.1956 1.6267
1.33778 1.23905
1.44225 0.867202
1.51404 0.580262
1.56021 0.350581
1.58531 0.155566
1.59183 -0.024064
