-1.5708 0
-1.57719 -0.126856
-1.59575 -0.24137
-1.62468 -0.332409
-1.66116 -0.391156
-1.70164 -0.412006
-1.74223 -0.393113
-1.77901 -0.336525
-1.80846 -0.247885
-1.80962 0.224957
-1.76418 0.676469
-1.67649 1.06327
-1.55497 1.3472
-1.41143 1.50027
-1.25973 1.5095
-1.1142 1.37904
-0.987953 1.12795
-0.891682 0.784754
-0.83824 0.277441
-0.83687 -0.250214
-0.887673 -0.759544
-0.98685 -1.21092
-1.13744 -1.77931
-1.33745 -2.18999
-1.56851 -2.39375
-1.80174 -2.23305
-2.00805 -1.86132
-2.16851 -1.325
-2.26947 -0.681047
-2.30301 0.0144302
-2.26662 0.708845
-2.16302 1.34951
-2.00038 1.88018
-1.79256 2.24404
-1.55821 2.40477
-1.31964 2.32813
-1.09991 2.03272
-0.918995 1.56063
-0.791848 0.966637
-0.727929 0.30457
-0.731602 -0.377636
-0.802625 -1.03478
-0.936112 -1.61832
-1.12203 -2.07393
-1.34481 -2.34742
-1.59545 -2.62447
-1.8612 -2.64768
-2.11675 -2.42519
-2.33949 -2.00076
-2.51219 -1.43486
-2.62367 -0.784915
-2.66788 -0.0959159
-2.62043 1.04137
-2.46135 2.12561
-2.19974 3.0758
-1.85433 3.78188
-1.45512 4.13732
-1.04012 4.09857
-0.646846 3.71908
-0.303633 3.11971
-0.0260309 2.42506
0.153216 1.16192
0.206862 -0.0873675
0.135689 -1.33815
-0.0612788 -2.60259
-0.384151 -3.84354
-0.798259 -4.40116
-1.25415 -4.65317
-1.71465 -4.4821
-2.13626 -3.88581
-2.48113 -2.97003
-2.72424 -1.872
-2.85296 -0.695263
-2.86261 0.50276
-2.75289 1.68583
-2.52761 2.80221
-2.20577 3.59799
-1.81746 4.11107
-1.40618 4.04748
-1.02086 3.60008
-0.696149 2.85413
-0.456066 1.92633
-0.313729 0.91177
-0.274674 -0.132475
-0.340101 -1.17288
-0.507554 -2.16506
-0.7696 -3.0505
-1.11069 -3.72634
-1.50403 -4.07864
-1.91328 -4.04018
-2.29976 -3.63541
-2.63152 -2.96595
-2.88815 -2.15133
-3.05994 -1.27982
-3.12675 -0.0559422
-3.07112 1.16819
-2.89345 2.38078
-2.597 3.52977
-2.19761 4.41418
-1.72579 4.9513
-1.23118 4.86068
-0.768423 4.33121
-0.374764 3.50748
-0.0712351 2.55238
0.134999 1.57354
0.24409 0.61173
0.257801 -0.336948
0.176435 -1.2933
-0.00532613 -2.3446
-0.292325 -3.38866
-0.67973 -4.33021
-1.14944 -5.00359
-1.66572 -5.23913
-2.16283 -4.62693
-2.57863 -3.6422
-2.88481 -2.46163
-3.06878 -1.21313
-3.12707 0.0477242
-3.05924 1.30836
-2.86583 2.55447
-2.54994 3.74199
-2.12435 4.71994
-1.61897 5.30917
-1.07954 5.39392
-0.555475 5.02537
-0.0831105 4.39803
0.322806 3.72843
0.666314 3.16842
0.962823 2.79697
1.20346 2.05059
1.37919 1.49149
1.50656 1.07656
1.59803 0.767709
1.66262 0.534734
1.70672 0.354434
1.73467 0.208878
1.74918 0.0837131
1.75168 -0.0333008
1.74221 -0.157677
1.71963 -0.297427
1.68906 -0.319002
1.65479 -0.371907
1.61346 -0.461466
1.57837 -0.246074
1.56344 -0.0550155
1.56244 0.0348934
